0.6250 0.0084 0.0846 0.1410
1.6881 0.0084 0.1157 0.2646
1.6881 0.0084 0.1183 0.2649
1.6881 0.0084 0.1278 0.2693
1.6881 0.0084 0.1358 0.2741
1.6881 0.0084 0.1401 0.2755
1.6881 0.0084 0.1428 0.2755
1.6881 0.0084 0.1454 0.2755
1.6881 0.0084 0.1498 0.2769
1.6881 0.0084 0.1718 0.3157
1.6881 0.0084 0.1747 0.3156
1.6881 0.0084 0.1801 0.3217
1.6881 0.0084 0.1877 0.3275
1.6881 0.0084 0.1972 0.3305
1.6881 0.0084 0.2017 0.3310
1.6881 0.0084 0.2044 0.3306
1.6881 0.0084 0.2195 0.3545
1.6881 0.0084 0.2223 0.3539
1.6881 0.0084 0.2286 0.3548
1.6881 0.0084 0.2315 0.3542
1.6881 0.0084 0.2341 0.3535
1.6881 0.0084 0.2418 0.3570
1.6881 0.0084 0.2445 0.3562
1.6881 0.0084 0.2502 0.3564
1.6881 0.0084 0.2607 0.3632
1.6881 0.0084 0.2637 0.3624
2.5541 0.0084 0.2892 0.4272
2.5541 0.0084 0.2993 0.4307
2.5541 0.0084 0.3016 0.4320
3.2390 0.0084 0.3297 0.5215
3.2390 0.0084 0.3338 0.5243
3.2390 0.0084 0.3382 0.5240
3.2390 0.0084 0.3409 0.5230
3.2390 0.0084 0.3409 0.5230
3.2390 0.0084 0.3436 0.5220
3.2390 0.0100 0.3552 0.5274
3.2390 0.0100 0.3589 0.5316
3.3512 0.0100 0.3923 0.6081
3.3512 0.0100 0.3923 0.6081
3.3512 0.0100 0.4058 0.6144
3.3512 0.0100 0.4129 0.6191
3.3512 0.0100 0.4157 0.6179
3.3512 0.0100 0.4214 0.6192
3.3512 0.0100 0.4214 0.6192
3.3512 0.0100 0.4338 0.6289
3.3512 0.0100 0.4494 0.6375
3.3512 0.0100 0.4494 0.6375
3.3512 0.0100 0.4720 0.6455
3.3512 0.0100 0.4864 0.6509
3.3512 0.0100 0.4864 0.6509
3.3512 0.0100 0.4929 0.6520
3.3512 0.0100 0.5088 0.6594
3.3512 0.0100 0.5163 0.6580
3.3512 0.0100 0.5187 0.6582
3.3512 0.0100 0.5281 0.6542
3.3512 0.0100 0.5408 0.6559
3.3512 0.0100 0.5469 0.6644
3.3512 0.0100 0.5477 0.6655
3.3512 0.0100 0.5626 0.6760
3.3512 0.0100 0.5728 0.6753
3.3512 0.0100 0.5783 0.6730
3.3512 0.0100 0.5857 0.6717
3.3512 0.0100 0.6153 0.7209
3.3512 0.0100 0.6320 0.7260
3.3512 0.0100 0.6423 0.7339
3.3512 0.0100 0.6423 0.7339
3.3512 0.0100 0.6542 0.7374
3.3512 0.0100 0.6611 0.7346
3.3512 0.0100 0.6725 0.7333
3.3512 0.0100 0.6845 0.7424
3.3512 0.0100 0.6936 0.7428
3.3512 0.0100 0.7115 0.7814
3.3512 0.0100 0.7203 0.7853
3.3512 0.0100 0.7203 0.7853
3.3512 0.0100 0.7254 0.7842
3.3512 0.0100 0.7348 0.7866
3.3512 0.0100 0.7354 0.7866
3.3512 0.0100 0.7487 0.7855
3.3512 0.0100 0.7559 0.7876
3.3512 0.0100 0.7666 0.7883
3.3512 0.0100 0.7742 0.7840
3.3512 0.0100 0.7932 0.7882
3.3512 0.0100 0.7982 0.7922
3.3512 0.0100 0.8171 0.8269
3.3512 0.0100 0.8388 0.8336
3.3512 0.0100 0.8525 0.8619
3.3512 0.0100 0.8660 0.8592
3.3512 0.0100 0.8762 0.8550
3.3512 0.0100 0.8802 0.8519
3.3512 0.0100 0.8848 0.8484
3.3512 0.0100 0.8920 0.8529
3.5389 0.0100 0.9116 0.8902
3.5389 0.0100 0.9218 0.8856
3.5389 0.0100 0.9381 0.8881
3.5389 0.0100 0.9449 0.8855
3.5389 0.0100 0.9528 0.9034
3.5389 0.0100 0.9704 0.9020
3.5389 0.0100 0.9704 0.9020
3.5389 0.0100 0.9723 0.9007
3.5389 0.0100 1.0057 0.9260
3.5389 0.0100 1.0134 0.9346
3.5389 0.0100 1.0176 0.9322
3.5389 0.0100 1.0195 0.9313
3.5389 0.0100 1.0297 0.9487
3.5389 0.0100 1.0497 0.9624
3.5389 0.0100 1.0693 0.9664
3.5389 0.0100 1.0693 0.9664
3.5389 0.0100 1.0695 0.9662
3.5389 0.0100 1.0956 0.9889
3.5389 0.0100 1.0983 0.9863
3.5389 0.0100 1.1137 1.0043
3.5389 0.0100 1.1188 1.0000
3.5389 0.0100 1.1188 1.0000
3.5389 0.0100 1.1446 1.0208
3.5389 0.0100 1.1470 1.0185
3.5389 0.0100 1.1532 1.0235
3.5389 0.0100 1.1866 1.0401
3.5389 0.0100 1.1892 1.0375
3.5389 0.0100 1.1964 1.0369
3.5389 0.0100 1.2215 1.0532
3.5389 0.0100 1.2215 1.0532
3.5389 0.0100 1.2291 1.0470
3.5389 0.0100 1.2328 1.0469
3.5389 0.0100 1.2533 1.0710
3.5389 0.0100 1.2533 1.0710
3.5389 0.0100 1.2714 1.0701
3.5389 0.0100 1.2743 1.0733
3.5389 0.0100 1.2745 1.0732
3.5389 0.0100 1.2852 1.0684
3.5389 0.0100 1.2896 1.0695
3.5389 0.0100 1.3218 1.0791
3.5389 0.0100 1.3242 1.0779
3.5389 0.0100 1.3242 1.0779
3.5389 0.0100 1.3335 1.0822
3.5389 0.0100 1.3818 1.0874
3.5389 0.0100 1.3967 1.0826
3.5389 0.0100 1.4051 1.0751
3.5389 0.0100 1.4343 1.0848
3.5389 0.0100 1.4453 1.0894
3.5389 0.0100 1.4485 1.0872
3.5389 0.0100 1.4488 1.0875
3.5389 0.0100 1.4791 1.0892
3.5389 0.0100 1.5001 1.0803
3.5389 0.0100 1.5066 1.0781
3.5389 0.0100 1.5353 1.0881
3.5389 0.0100 1.5530 1.0775
3.5389 0.0100 1.5666 1.0700
3.5389 0.0100 1.5681 1.0685
3.5389 0.0100 1.5681 1.0685
3.5389 0.0100 1.5704 1.0668
3.5389 0.0100 1.5704 1.0668
3.5389 0.0100 1.5711 1.0660
3.5389 0.0100 1.5725 1.0650
3.5389 0.0100 1.5877 1.0745
3.5389 0.0100 1.5958 1.0733
3.5389 0.0100 1.5992 1.0726
3.5389 0.0100 1.6073 1.0697
3.5389 0.0100 1.6207 1.0630
3.5389 0.0100 1.6263 1.0643
3.5389 0.0100 1.6338 1.0599
3.5389 0.0100 1.6493 1.0719
3.5389 0.0100 1.6706 1.0685
3.5389 0.0100 1.6781 1.0755
3.5389 0.0100 1.6808 1.0731
3.5389 0.0100 1.7070 1.0790
3.5389 0.0100 1.7220 1.0952
3.5389 0.0100 1.7221 1.0951
3.5389 0.0100 1.7241 1.0980
3.5389 0.0100 1.7396 1.0845
3.5389 0.0100 1.7396 1.0845
3.5389 0.0100 1.7465 1.0869
3.5389 0.0100 1.7619 1.0797
3.8140 0.0100 1.7650 1.0852
3.8140 0.0100 1.7650 1.0852
3.8140 0.0100 1.7696 1.0787
3.8140 0.0100 1.7747 1.0715
3.8140 0.0100 1.7843 1.0649
3.8140 0.0100 1.8063 1.0678
3.8140 0.0100 1.8063 1.0678
3.8140 0.0100 1.8063 1.0679
3.8140 0.0100 1.8254 1.0786
3.8140 0.0100 1.8310 1.0719
3.8140 0.0100 1.8350 1.0710
3.8140 0.2746 1.8686 1.0660
3.8140 0.2746 1.8734 1.0610
3.8140 0.2746 1.9030 1.0573
3.8140 0.2746 1.9030 1.0573
3.8140 0.2746 1.9070 1.0595
3.8140 0.2746 1.9070 1.0595
3.8140 0.2746 1.9137 1.0551
3.8140 0.2746 1.9150 1.0570
3.8140 0.2746 1.9150 1.0570
3.8140 0.2746 1.9178 1.0563
3.8140 0.2746 1.9205 1.0524
3.8140 0.2746 1.9395 1.0589
3.8140 0.2746 1.9458 1.0592
3.8140 0.2746 1.9487 1.0598
3.8140 0.2746 1.9601 1.0593
3.8140 0.2746 1.9601 1.0593
3.8140 0.2746 1.9693 1.0561
3.8140 0.2746 1.9797 1.0590
3.8140 0.2746 1.9797 1.0590
3.8140 0.2746 1.9907 1.0525
3.8140 0.2746 2.0084 1.0564
3.8140 0.2746 2.0285 1.0423
3.8140 0.2746 2.0422 1.0512
3.8140 0.2746 2.0422 1.0512
3.8140 0.2746 2.0422 1.0512
3.8140 0.2746 2.0550 1.0554
3.8140 0.2746 2.0569 1.0546
3.8140 0.2746 2.0577 1.0548
3.8140 0.2746 2.0873 1.0459
3.8140 0.2746 2.1004 1.0370
3.8140 0.2746 2.1017 1.0384
3.8140 0.2746 2.1060 1.0386
3.8140 0.2746 2.1193 1.0445
3.8140 0.2746 2.1318 1.0348
3.8140 0.2746 2.1326 1.0345
3.8140 0.2746 2.1546 1.0226
3.8140 0.2746 2.1611 1.0275
3.8140 0.2746 2.1865 1.0223
3.8140 0.2746 2.1865 1.0223
3.8140 0.2746 2.1865 1.0223
3.8140 0.2746 2.1880 1.0228
3.8140 0.2746 2.1880 1.0228
3.8140 0.2746 2.1955 1.0170
3.8140 0.2746 2.2094 1.0189
3.8140 0.2746 2.2095 1.0187
3.8140 0.2746 2.2336 1.0049
3.8140 0.2746 2.2336 1.0049
3.8140 0.2746 2.2345 1.0044
3.9932 0.2746 2.2410 1.0135
3.9932 0.2746 2.2663 1.0094
3.9932 0.2746 2.2663 1.0094
3.9932 0.2746 2.2833 1.0164
3.9985 0.2898 2.3270 1.0189
3.9985 0.2898 2.3318 1.0211
3.9985 0.2898 2.3403 1.0129
3.9985 0.2898 2.3403 1.0129
3.9985 0.2898 2.3403 1.0129
3.9985 0.2898 2.3407 1.0133
3.9985 0.2898 2.3475 1.0056
3.9985 0.2898 2.3665 0.9946
3.9985 0.2898 2.3916 0.9896
3.9985 0.2898 2.3988 0.9944
3.9985 0.2898 2.4129 0.9901
3.9985 0.2898 2.4204 0.9950
3.9985 0.2898 2.4356 0.9958
3.9985 0.2898 2.4356 0.9958
3.9985 0.2898 2.4401 1.0009
3.9985 0.2898 2.4401 1.0009
3.9985 0.2898 2.4533 0.9833
3.9985 0.2898 2.4593 0.9872
3.9985 0.2898 2.4611 0.9887
3.9985 0.2898 2.4658 0.9907
3.9985 0.2898 2.4803 0.9737
3.9985 0.2898 2.4977 0.9479
3.9985 0.2898 2.5055 0.9452
3.9985 0.2898 2.5261 0.9518
3.9985 0.2898 2.5285 0.9508
3.9985 0.2898 2.5314 0.9531
3.9985 0.2898 2.5348 0.9572
3.9985 0.2898 2.5355 0.9567
3.9985 0.2898 2.5355 0.9567
3.9985 0.2898 2.5578 0.9632
3.9985 0.2898 2.5578 0.9632
3.9985 0.2898 2.5650 0.9610
3.9985 0.2898 2.5670 0.9622
3.9985 0.2898 2.5670 0.9622
3.9985 0.2898 2.5677 0.9623
3.9985 0.2898 2.5708 0.9591
3.9985 0.3454 2.5921 0.9314
3.9985 0.3454 2.6145 0.9201
3.9985 0.4103 2.6289 0.8954
3.9985 0.4103 2.6295 0.8958
3.9985 0.6250 2.6522 0.8676
3.9985 0.6250 2.6781 0.8465
3.9985 0.8428 2.6910 0.8247
3.9985 0.8428 2.6910 0.8247
3.9985 0.8428 2.6921 0.8256
3.9985 0.8428 2.7059 0.8144
3.9985 0.8428 2.7113 0.8162
3.9985 0.8428 2.7201 0.8023
3.9985 0.8428 2.7201 0.8023
3.9985 0.8428 2.7294 0.8034
3.9985 0.8428 2.7309 0.8045
3.9985 0.8428 2.7309 0.8045
3.9985 0.8428 2.7311 0.8046
3.9985 0.8428 2.7448 0.8086
3.9985 0.8428 2.7461 0.8071
3.9985 0.8428 2.7584 0.7874
3.9985 0.8428 2.7623 0.7803
3.9985 0.8428 2.7704 0.7873
3.9985 1.1567 2.7955 0.7651
3.9985 1.1567 2.7959 0.7645
3.9985 1.1567 2.8016 0.7657
3.9985 1.1567 2.8118 0.7692
3.9985 1.1567 2.8174 0.7747
3.9985 1.1567 2.8174 0.7747
3.9985 1.1567 2.8174 0.7747
3.9985 1.1567 2.8175 0.7747
3.9985 1.1567 2.8175 0.7747
3.9985 1.1567 2.8232 0.7801
3.9985 1.1567 2.8404 0.7727
3.9985 1.1567 2.8499 0.7738
3.9985 1.1567 2.8530 0.7764
3.9985 1.1567 2.8664 0.7691
3.9985 1.1567 2.8716 0.7617
3.9985 1.1567 2.8846 0.7594
3.9985 1.1567 2.8846 0.7594
3.9985 1.1567 2.8850 0.7596
3.9985 1.1567 2.8850 0.7596
3.9985 1.1567 2.8850 0.7596
4.0736 1.1567 2.9012 0.7715
4.0736 1.1567 2.9027 0.7724
4.0736 1.1567 2.9027 0.7724
4.0736 1.1567 2.9192 0.7646
4.0736 1.1567 2.9193 0.7646
4.0736 1.1567 2.9193 0.7646
4.0736 1.1567 2.9193 0.7646
4.0736 1.1567 2.9193 0.7646
4.0736 1.1567 2.9219 0.7666
4.0736 1.1567 2.9219 0.7666
4.0736 1.1567 2.9219 0.7666
4.0736 1.1567 2.9220 0.7667
4.0736 1.1567 2.9220 0.7667
4.0736 1.1567 2.9220 0.7667
4.0736 1.1567 2.9220 0.7667
4.0736 1.1567 2.9270 0.7690
4.0736 1.1567 2.9270 0.7690
4.0736 1.1567 2.9283 0.7698
4.0736 1.1567 2.9433 0.7669
4.0736 1.1567 2.9452 0.7655
4.0736 1.1567 2.9674 0.7508
4.0736 1.1567 2.9718 0.7511
4.0736 1.1567 2.9718 0.7511
4.0736 1.1567 2.9827 0.7407
4.0736 1.1567 2.9827 0.7407
4.0736 1.1567 2.9883 0.7461
4.0736 1.1567 2.9883 0.7461
4.0736 1.1567 2.9895 0.7467
4.0936 1.1567 3.0079 0.7590
4.0936 1.1567 3.0079 0.7590
4.0936 1.1567 3.0140 0.7633
4.0936 1.1567 3.0233 0.7617
4.0936 1.1567 3.0233 0.7617
4.0936 1.1567 3.0372 0.7433
4.0936 1.1567 3.0429 0.7411
4.0936 1.1567 3.0441 0.7416
4.0936 1.1567 3.0458 0.7422
4.0936 1.1567 3.0529 0.7340
4.0936 1.1567 3.0550 0.7354
4.0936 1.1567 3.0551 0.7354
4.0936 1.1567 3.0551 0.7354
4.0936 1.1567 3.0560 0.7358
4.0936 1.1567 3.0641 0.7237
4.0936 1.1567 3.0743 0.7272
4.0936 1.1567 3.0823 0.7279
4.0936 1.1567 3.0827 0.7281
4.0936 1.1567 3.0889 0.7331
4.0936 1.1567 3.0919 0.7326
4.0936 1.1567 3.0931 0.7309
4.0936 1.1567 3.0931 0.7309
4.0936 1.1567 3.1046 0.7305
4.0936 1.1567 3.1247 0.7280
4.0936 1.1567 3.1247 0.7280
4.0936 1.1567 3.1247 0.7280
4.0936 1.1567 3.1247 0.7280
4.0936 1.1567 3.1264 0.7288
4.0936 1.1567 3.1478 0.7092
4.0936 1.1567 3.1500 0.7101
4.0936 1.1567 3.1578 0.7067
4.0936 1.1567 3.1596 0.7071
4.0936 1.1567 3.1702 0.7103
4.0936 1.1567 3.1725 0.7064
4.0936 1.1567 3.1905 0.6919
4.0936 1.1567 3.1907 0.6920
4.0936 1.1567 3.1929 0.6925
4.0936 1.1567 3.1954 0.6933
4.0936 1.1567 3.2110 0.6790
4.0936 1.1567 3.2110 0.6790
4.0936 1.1567 3.2110 0.6790
4.0936 1.1567 3.2130 0.6798
4.0936 1.1567 3.2362 0.6617
4.0936 1.1567 3.2393 0.6638
4.0936 1.1567 3.2414 0.6638
4.0936 1.1567 3.2414 0.6638
4.0936 1.1567 3.2424 0.6627
4.0936 1.1567 3.2428 0.6629
4.0936 1.1567 3.2466 0.6628
4.0936 1.1567 3.2556 0.6672
4.0936 1.1567 3.2580 0.6682
4.0936 1.1567 3.2589 0.6684
4.0936 1.1567 3.2589 0.6684
4.0936 1.1567 3.2665 0.6703
4.0936 1.1567 3.2675 0.6714
4.3455 1.1567 3.2819 0.6858
4.3455 1.1567 3.2847 0.6876
4.3455 1.1567 3.2981 0.6758
4.3455 1.1567 3.2981 0.6758
4.3455 1.1567 3.3067 0.6777
4.3455 1.1567 3.3087 0.6796
4.3455 1.1567 3.3105 0.6805
4.3455 1.1567 3.3105 0.6805
4.3455 1.1567 3.3116 0.6813
4.3455 1.1567 3.3124 0.6814
4.3455 1.1567 3.3175 0.6858
4.3455 1.1567 3.3316 0.6844
4.3455 1.1567 3.3316 0.6844
4.3455 1.1567 3.3316 0.6844
4.3455 1.1567 3.3316 0.6844
4.3455 1.1567 3.3316 0.6844
4.3455 1.1567 3.3320 0.6845
4.3455 1.1567 3.3321 0.6845
4.3455 1.1567 3.3344 0.6866
4.3455 1.1567 3.3368 0.6891
4.3455 1.1567 3.3368 0.6891
4.3455 1.1567 3.3368 0.6891
4.3455 1.1567 3.3413 0.6926
4.3455 1.1567 3.3413 0.6926
4.3455 1.1567 3.3413 0.6926
4.3455 1.1567 3.3413 0.6926
4.3455 1.1567 3.3416 0.6926
4.3455 1.1567 3.3482 0.6958
4.3455 1.1567 3.3487 0.6961
4.3455 1.1567 3.3741 0.6746
4.3455 1.1567 3.3826 0.6719
4.3455 1.1567 3.3880 0.6729
4.3455 1.1567 3.3884 0.6729
4.3455 1.1567 3.3996 0.6639
4.3455 1.1567 3.4023 0.6652
4.3455 1.1567 3.4211 0.6523
4.3455 1.1567 3.4276 0.6540
4.3455 1.1567 3.4337 0.6567
4.3455 1.1567 3.4415 0.6622
4.3455 1.1567 3.4415 0.6622
4.3455 1.1567 3.4415 0.6622
4.3455 1.1567 3.4596 0.6405
4.3455 1.1567 3.4612 0.6407
4.3455 1.1567 3.4616 0.6409
4.3455 1.1567 3.4704 0.6244
4.3455 1.1567 3.4797 0.6304
4.3455 1.1567 3.4826 0.6307
4.3455 1.1567 3.4866 0.6322
4.3455 1.1567 3.4866 0.6322
4.3455 1.1567 3.5012 0.6161
4.3455 1.1567 3.5125 0.6039
4.3455 1.1567 3.5149 0.6057
4.3455 1.1567 3.5175 0.5987
4.3455 1.1567 3.5216 0.5982
4.3455 1.1567 3.5265 0.6002
4.3455 1.1567 3.5274 0.5996
4.3455 1.1567 3.5330 0.5996
4.3455 1.1567 3.5434 0.5945
4.3455 1.1567 3.5434 0.5945
4.3455 1.1567 3.5478 0.5952
4.3455 1.1567 3.5480 0.5953
4.3455 1.1567 3.5495 0.5958
4.3455 1.1567 3.5525 0.5979
4.3455 1.1567 3.5525 0.5979
4.3455 1.1567 3.5586 0.6001
4.3455 1.1567 3.5663 0.6030
4.3455 1.1567 3.5816 0.5789
4.3455 1.1567 3.5864 0.5804
4.3455 1.1567 3.5864 0.5804
4.3455 1.1567 3.5864 0.5804
4.3455 1.1567 3.5896 0.5828
4.3455 1.1567 3.5905 0.5836
4.3455 1.1567 3.5905 0.5836
4.3455 1.1567 3.5932 0.5845
4.3455 1.1567 3.5948 0.5845
4.3455 1.1567 3.5953 0.5843
4.3455 1.1567 3.6115 0.5775
4.3455 1.1567 3.6317 0.5577
4.3455 1.1567 3.6317 0.5577
4.3455 1.1567 3.6397 0.5504
4.3455 1.7747 3.6632 0.4909
4.3455 1.7747 3.6637 0.4913
4.3455 1.7747 3.6637 0.4913
4.3455 1.7747 3.6665 0.4931
4.3455 1.7747 3.6746 0.4920
4.3455 1.7747 3.6753 0.4917
4.3455 1.7747 3.6753 0.4918
4.3455 1.7747 3.6753 0.4918
4.3455 1.7747 3.6827 0.4934
4.3455 1.7747 3.6917 0.4929
4.3455 1.7747 3.6946 0.4931
4.3455 1.7747 3.6946 0.4931
4.3455 1.7747 3.6950 0.4932
4.3455 1.7747 3.7002 0.4955
4.3455 1.7747 3.7002 0.4955
4.3455 1.7747 3.7017 0.4960
4.3455 1.7747 3.7071 0.4949
4.3455 1.7747 3.7071 0.4949
4.3455 1.7747 3.7242 0.4558
4.3455 1.7747 3.7272 0.4572
4.3455 1.7747 3.7297 0.4599
4.3455 1.7747 3.7301 0.4603
4.3455 1.7747 3.7301 0.4603
4.3455 1.7747 3.7301 0.4603
