11.0446 0.0100 0.8358 1.7167
11.2267 0.0100 0.9495 2.0112
11.2267 0.0100 0.9775 2.0178
11.2267 0.0100 1.0539 2.0517
11.2267 0.0100 1.1301 2.0882
11.2267 0.0100 1.1776 2.1167
11.2267 0.0100 1.2054 2.1194
11.2267 0.0100 1.2329 2.1219
11.2267 0.0100 1.3240 2.2586
11.2267 0.0100 1.3862 2.2981
11.2267 0.0100 1.4144 2.2982
11.2267 0.0100 1.4347 2.3189
11.2267 0.0100 1.4432 2.3253
11.2267 0.0100 1.5106 2.3339
11.2267 0.0100 1.6018 2.4485
11.2267 0.0100 1.6570 2.4434
11.2267 0.0100 1.6847 2.4403
11.2267 0.0100 1.7152 2.4727
11.2267 0.0100 1.7906 2.5337
11.2267 0.0100 1.8772 2.6180
11.2267 0.0100 1.9948 2.7840
11.2267 0.0100 2.0297 2.7806
11.2686 0.0100 2.1423 2.9209
11.2686 0.0100 2.2684 3.0708
11.2686 0.0100 2.2988 3.0907
11.2686 0.0100 2.3169 3.0997
11.2686 0.0100 2.3721 3.0829
11.2686 0.0100 2.3721 3.0829
11.2686 0.0100 2.4082 3.0761
11.2686 0.0100 2.5203 3.1891
11.2686 0.0100 2.5599 3.1822
11.2686 0.0100 2.5601 3.1820
11.2686 0.0100 2.5879 3.1717
11.2686 0.0100 2.6154 3.1614
11.2686 0.0100 2.6503 3.1999
11.2686 0.0100 2.7246 3.2872
11.2686 0.0100 2.7523 3.2758
11.2686 0.0100 2.7801 3.2642
11.2686 0.0100 2.8079 3.2523
11.2686 0.0100 2.8162 3.2553
11.2686 0.0100 2.8712 3.2309
11.2686 0.0100 2.8990 3.2181
11.2686 0.0100 2.9740 3.1936
11.2686 0.0100 2.9930 3.2030
11.2686 0.0100 3.0485 3.1748
11.2686 0.0100 3.0880 3.1613
11.2686 0.0100 3.2045 3.2130
11.2686 0.0100 3.2163 3.2136
11.2686 0.0100 3.2163 3.2136
11.2686 0.0100 3.2638 3.2014
11.2686 0.0100 3.2999 3.1848
11.2686 0.0100 3.3270 3.1682
12.8803 0.0100 3.4557 3.2899
12.8803 0.0100 3.6314 3.4036
12.8803 0.0100 3.6831 3.3868
12.8803 0.0100 3.7288 3.4051
12.8803 0.0100 3.7793 3.4404
12.8803 0.0100 3.9233 3.5577
12.8803 0.0100 3.9317 3.5560
12.8803 0.0100 3.9317 3.5560
16.1650 0.0100 3.9902 3.6759
16.1650 0.0100 4.0179 3.6561
16.1650 0.0100 4.0454 3.6364
16.1650 0.0100 4.1410 3.6553
16.1650 0.0100 4.1687 3.6343
16.1650 0.0100 4.3513 3.8255
16.1650 0.0100 4.4109 3.8476
16.1650 0.0100 4.4296 3.8539
16.1650 0.0100 4.4695 3.8573
16.1650 0.0100 4.4745 3.8590
16.1650 0.0100 4.4745 3.8590
16.1650 0.0100 4.5246 3.8879
16.1650 0.0100 4.5905 3.9277
16.1650 0.0100 4.6756 3.9780
16.1650 0.0100 4.7390 3.9309
16.1650 0.0100 4.8199 3.9160
16.1650 0.0100 4.8275 3.9128
16.1650 0.0100 4.8294 3.9141
16.1650 0.0100 4.8764 3.9265
16.1650 0.0100 4.8784 3.9265
16.1650 0.0100 4.9215 4.0138
16.1650 0.0100 4.9395 4.0261
16.1650 0.0100 5.0091 4.0483
16.1650 0.0100 5.0317 4.0422
16.1650 0.0100 5.1108 4.0220
16.1650 0.0100 5.1108 4.0220
16.1650 0.0100 5.1788 3.9930
16.1650 0.0100 5.1788 3.9930
16.1650 0.0100 5.2874 3.9987
16.1650 0.0100 5.3524 3.9903
16.1650 0.0100 5.4122 3.9544
16.1650 0.0100 5.5107 3.9403
16.1650 0.0100 5.5208 3.9346
16.1650 0.0100 5.5238 3.9383
16.1650 0.0100 5.5857 3.9620
16.1650 0.0100 5.5857 3.9620
16.1650 0.0100 5.5857 3.9620
16.1650 0.0100 5.6701 3.9321
16.1650 0.0100 5.6729 3.9372
16.1650 0.0100 5.7184 3.9434
16.1650 0.0100 5.7184 3.9434
16.1650 0.0100 5.7277 3.9429
16.1650 0.0100 5.7659 3.9057
16.1650 0.0100 5.8438 3.8676
16.1650 0.0100 5.8677 3.8596
16.1650 0.0100 5.8864 3.8766
16.1650 0.0100 5.8948 3.8708
16.1650 0.0100 6.0089 3.8639
16.1650 0.0100 6.0138 3.8619
16.1650 0.0100 6.0370 3.8801
16.1650 0.0100 6.0678 3.9060
16.1650 0.0100 6.0785 3.8981
16.1650 0.0100 6.1146 3.8583
16.1650 0.0100 6.1326 3.8469
16.1650 0.0100 6.1334 3.8462
16.1650 0.0100 6.2509 3.8363
16.1650 0.0100 6.2530 3.8400
16.1650 0.0100 6.3374 3.8556
16.1650 0.0100 6.3414 3.8534
16.1650 0.0100 6.4708 3.9284
16.1650 0.0100 6.4708 3.9284
16.1650 0.0100 6.5628 3.8815
16.1650 0.0100 6.6296 3.8744
16.1650 0.0100 6.6511 3.8636
16.1650 0.0100 6.6616 3.8632
16.1650 0.0100 6.7309 3.8668
16.1650 0.0100 6.7353 3.8625
16.1650 0.0100 6.7968 3.8538
16.1650 0.0100 6.8040 3.8470
16.1650 0.0100 6.8489 3.8633
16.1650 0.0100 6.8489 3.8633
16.1650 0.0100 6.9239 3.8550
16.1650 0.0100 6.9516 3.8149
16.1650 0.0100 6.9947 3.8314
16.1650 0.0100 7.0269 3.8738
16.1650 0.0100 7.0772 3.9192
16.1650 0.0100 7.0773 3.9191
16.1650 0.0100 7.0934 3.9396
16.1650 0.0100 7.1356 3.8860
16.1650 0.0100 7.1791 3.8826
16.1650 0.0100 7.2869 3.9487
16.1650 0.0100 7.3765 3.9465
16.1650 0.0100 7.3820 3.9499
16.1650 0.0100 7.3820 3.9499
16.1650 0.0100 7.4420 3.9657
16.1650 0.0100 7.4420 3.9657
16.1650 0.0100 7.5063 3.9928
16.1650 0.0100 7.5151 3.9949
16.1650 0.0100 7.5919 3.9931
16.1650 0.0100 7.7599 3.9854
16.1650 0.0100 7.8852 4.0269
16.1650 0.0100 7.9557 4.0169
16.1650 0.0100 7.9557 4.0169
16.1650 0.0100 7.9620 4.0219
16.1650 0.0100 8.0344 3.9931
16.1650 0.0100 8.0344 3.9931
16.1650 0.0100 8.0888 4.0589
16.1650 0.0100 8.1236 4.0447
16.1650 0.0100 8.1239 4.0444
16.1650 0.0100 8.1384 4.0314
16.1650 0.0100 8.1384 4.0314
16.1650 0.0100 8.2570 4.0468
16.1650 0.0100 8.3378 4.0174
16.1650 0.0100 8.3462 4.0219
16.1650 0.0100 8.3462 4.0219
16.1650 0.0100 8.3705 4.0478
16.1650 0.0100 8.4543 4.0221
16.1650 0.0100 8.4543 4.0221
16.1650 0.0100 8.4887 3.9881
16.1650 0.0100 8.5515 3.9026
16.1650 0.0100 8.5662 3.9085
16.8573 0.0100 8.6725 3.9872
16.8573 0.0100 8.6954 3.9949
16.8573 0.0100 8.7298 3.9342
16.8573 0.0100 8.7916 3.8942
16.8573 0.0100 8.7916 3.8942
16.8573 0.0100 8.7963 3.8909
16.8573 0.0100 8.8025 3.8912
16.8573 0.0100 8.8759 3.8762
16.8573 0.0100 8.8821 3.8795
16.8573 0.0100 8.9246 3.9306
16.8573 0.0100 9.0168 3.8272
16.8573 0.0100 9.1183 3.7955
16.8573 0.0100 9.1217 3.7972
16.8573 0.0100 9.1217 3.7972
16.8573 0.0100 9.1386 3.8125
16.8573 0.0100 9.1386 3.8125
16.8573 0.0100 9.2219 3.8513
16.8573 0.0100 9.3356 3.8521
16.8573 0.0100 9.3566 3.8639
16.8573 0.0100 9.3566 3.8639
16.8573 0.0100 9.3640 3.8661
16.8573 0.0100 9.4378 3.8228
16.8573 0.0100 9.4378 3.8228
16.8573 0.0100 9.4730 3.8597
16.8573 0.0100 9.5629 3.8176
16.8573 0.0100 9.5631 3.8177
16.8573 0.0100 9.6056 3.7653
16.8573 0.0100 9.6434 3.7809
16.8573 0.0100 9.6434 3.7809
16.8573 0.0100 9.6569 3.7844
16.8573 0.0100 9.6585 3.7838
16.8573 0.0100 9.6585 3.7838
16.8573 0.0100 9.6746 3.7655
16.8573 0.0100 9.6989 3.7601
16.8573 0.0100 9.7109 3.7690
16.8573 0.0100 9.7752 3.7649
16.8573 0.0100 9.8257 3.7901
16.8573 0.0100 9.8582 3.8072
16.8573 0.0100 9.9278 3.8546
16.8573 0.0100 9.9597 3.8744
16.8573 0.0100 10.0422 3.9283
16.8573 0.0100 10.1000 3.9139
16.8573 0.0100 10.1000 3.9139
16.8573 0.0100 10.1448 3.8956
16.8573 0.0100 10.1742 3.9150
16.8573 0.0100 10.2483 3.9540
16.8573 0.0100 10.2584 3.9573
16.8573 0.0100 10.2959 3.9932
16.8573 0.0100 10.3372 3.9807
16.8573 0.0100 10.3649 3.9591
16.8573 0.0100 10.4200 3.9946
16.8573 0.0100 10.4202 3.9947
16.8573 0.0100 10.4202 3.9947
16.8573 0.0100 10.4798 3.9885
16.8573 0.0100 10.5213 4.0139
16.8573 0.0100 10.5974 4.0193
16.8573 0.0100 10.6988 4.0306
16.8573 0.0100 10.8033 3.9588
16.8573 0.0100 10.8527 3.9517
16.8573 0.0100 10.8584 3.9456
16.8573 0.0100 10.9038 3.9706
16.8573 0.0100 10.9840 3.9401
16.8573 0.0100 11.0983 3.8389
16.8573 0.0100 11.0983 3.8389
16.8573 0.0100 11.1102 3.8409
16.8573 0.0100 11.1102 3.8409
16.8573 0.0100 11.2236 3.7852
16.8573 0.0100 11.3083 3.7856
16.8573 0.0100 11.3123 3.7878
16.8573 0.0100 11.3372 3.7394
16.8573 0.0100 11.3372 3.7394
16.8573 0.0100 11.3452 3.7394
16.8573 0.0100 11.3539 3.7427
16.8573 0.0100 11.3539 3.7427
16.8573 0.0100 11.4690 3.6796
16.8573 0.0100 11.4954 3.6990
16.8573 0.0100 11.5725 3.7132
16.8573 0.0100 11.5725 3.7132
16.8573 0.0100 11.6091 3.6158
21.4188 0.0100 11.8328 3.8588
21.4188 0.0100 11.8882 3.8794
21.4188 0.0100 11.9162 3.9013
21.4188 2.7850 11.9780 3.7593
21.4188 2.7850 11.9780 3.7593
21.4188 2.7850 12.0538 3.7456
21.4188 2.7850 12.0875 3.7667
21.4188 2.7850 12.1487 3.7129
21.4188 2.7850 12.1487 3.7129
21.4188 2.7850 12.2162 3.7026
21.4188 2.7850 12.2965 3.6722
21.4188 2.7850 12.3164 3.6839
21.4188 2.7850 12.3964 3.7327
21.4188 2.7850 12.4766 3.6645
21.8701 2.7850 12.5472 3.7751
21.8701 2.7850 12.5776 3.7669
21.8701 2.7850 12.6122 3.7794
21.8701 2.7850 12.6122 3.7794
21.8701 2.7850 12.6273 3.7760
21.8701 2.7850 12.6343 3.7740
21.8701 2.7850 12.7159 3.7906
21.8701 2.7850 12.8249 3.6579
21.8701 2.7850 12.8891 3.6593
21.8701 2.7850 12.8923 3.6597
21.8701 2.7850 13.0110 3.5224
21.8701 2.7850 13.0217 3.5185
21.8701 2.7850 13.0263 3.5209
21.8701 2.7850 13.0467 3.5143
21.8701 2.7850 13.1678 3.5505
21.8701 2.7850 13.1737 3.5519
21.8701 2.7850 13.1904 3.5489
21.8701 2.7850 13.1972 3.5435
21.8701 2.7850 13.2567 3.5560
21.8701 2.7850 13.2911 3.5594
21.8701 2.7850 13.3057 3.5699
21.8701 2.7850 13.3060 3.5700
21.8701 2.7850 13.4280 3.4553
21.8701 2.7850 13.4656 3.4926
21.8701 2.7850 13.4976 3.5315
21.8701 2.7850 13.5212 3.5161
21.8701 2.7850 13.5855 3.4132
21.8701 2.7850 13.5855 3.4132
21.8701 3.6724 13.7555 3.2778
21.8701 3.6724 13.7802 3.2972
21.8701 3.6724 13.7802 3.2972
21.8701 3.6724 13.7802 3.2972
21.8701 3.6724 13.8257 3.3186
21.8701 3.6724 13.8257 3.3186
21.8701 3.6724 13.8257 3.3186
21.8701 3.6724 13.8257 3.3186
21.8701 3.6724 13.8257 3.3186
21.8701 3.6724 13.8288 3.3209
21.8701 3.6724 13.8288 3.3209
21.8701 3.6724 13.8288 3.3209
21.8701 3.6724 13.8386 3.3194
21.8701 3.6724 13.8836 3.3402
21.8701 3.6724 13.8836 3.3402
21.8701 3.6724 13.8970 3.3463
21.8701 3.6724 13.9369 3.3258
21.8701 4.9144 14.0057 3.1808
21.8701 4.9144 14.0391 3.1900
21.8701 4.9144 14.0403 3.1901
21.8701 4.9144 14.0990 3.2239
21.8701 4.9144 14.1576 3.2192
21.8701 4.9144 14.1576 3.2192
21.8701 4.9144 14.1879 3.2227
21.8701 4.9144 14.2106 3.2144
21.8701 4.9144 14.2814 3.2155
21.8701 4.9144 14.2831 3.2164
21.8701 4.9144 14.2831 3.2165
21.8701 4.9144 14.2851 3.2192
21.8701 4.9144 14.3317 3.2031
21.8701 4.9144 14.3600 3.2210
21.8701 4.9144 14.3749 3.2323
21.8701 4.9144 14.3749 3.2323
21.8701 4.9144 14.3966 3.2468
21.8701 4.9144 14.4333 3.2621
21.8701 4.9144 14.4576 3.2834
21.8701 4.9144 14.4576 3.2834
21.8701 4.9144 14.4586 3.2843
21.8701 4.9144 14.4602 3.2830
21.8701 4.9144 14.4714 3.2802
21.8701 4.9144 14.4714 3.2802
21.8701 4.9144 14.4832 3.2944
21.8701 4.9144 14.5063 3.2795
21.8701 4.9144 14.5885 3.3522
21.8701 4.9144 14.5945 3.3474
21.8701 4.9144 14.5945 3.3474
21.8701 4.9144 14.6004 3.3420
21.8701 4.9144 14.6004 3.3420
21.8701 4.9144 14.6004 3.3420
21.8701 4.9144 14.6607 3.2957
21.8701 4.9144 14.6607 3.2957
21.8701 4.9144 14.6636 3.2983
21.8701 4.9144 14.6901 3.2916
21.8701 4.9144 14.7338 3.2769
21.8701 4.9144 14.7350 3.2770
21.8701 4.9144 14.7510 3.2587
21.8701 4.9144 14.7758 3.2710
21.8701 4.9144 14.7818 3.2705
21.8701 4.9144 14.7818 3.2705
21.8701 4.9144 14.7847 3.2718
21.8701 4.9144 14.8475 3.2230
21.8701 4.9144 14.8556 3.2267
21.8701 4.9144 14.8837 3.1619
21.8701 4.9144 14.8949 3.1496
21.8701 4.9144 14.9861 3.1053
22.5937 4.9144 15.0997 3.2056
22.5937 4.9144 15.1974 3.1214
22.5937 4.9144 15.1974 3.1214
22.5937 4.9144 15.2479 3.0547
22.5937 4.9144 15.2703 3.0494
22.5937 4.9144 15.2703 3.0494
22.5937 4.9144 15.3390 3.1350
22.5937 4.9144 15.3390 3.1350
22.5937 4.9144 15.3390 3.1350
22.5937 4.9144 15.3661 3.0941
22.5937 4.9144 15.3702 3.0930
22.5937 4.9144 15.4351 3.0892
22.5937 4.9144 15.4375 3.0923
22.5937 4.9144 15.4448 3.0907
22.5937 4.9144 15.4448 3.0907
22.5937 4.9144 15.4731 3.0939
22.5937 5.2465 15.5446 2.9272
22.5937 5.2465 15.5455 2.9277
22.5937 5.2465 15.5723 2.9141
22.5937 5.2465 15.5988 2.9240
22.5937 5.2465 15.5988 2.9240
22.5937 5.2465 15.6171 2.9177
22.5937 5.2465 15.6181 2.9189
22.5937 5.2465 15.6203 2.9205
22.5937 5.2465 15.6630 2.9191
22.5937 5.2465 15.6699 2.9186
22.5937 5.2465 15.6729 2.9208
22.5937 5.2465 15.6736 2.9208
22.5937 5.2465 15.6737 2.9209
22.5937 5.2465 15.6753 2.9211
22.5937 5.2465 15.7007 2.9009
22.5937 5.2465 15.7263 2.8880
22.5937 5.2465 15.7263 2.8880
22.5937 5.2465 15.7818 2.8691
22.5937 5.2465 15.7818 2.8691
22.5937 5.2465 15.8566 2.8863
22.5937 5.2465 15.8566 2.8863
22.5937 5.2465 15.9222 2.8545
22.5937 5.2465 15.9510 2.8572
22.5937 5.2465 15.9579 2.8602
22.5937 5.2465 16.0119 2.8776
22.5937 5.2465 16.0466 2.8516
22.5937 5.2465 16.0680 2.8272
22.5937 5.2465 16.0706 2.8272
22.5937 5.2465 16.0960 2.8377
22.5937 5.2465 16.1263 2.8400
22.5937 5.2465 16.1579 2.8529
22.5937 5.2465 16.1779 2.8582
22.5937 5.2465 16.1779 2.8582
22.5937 5.2465 16.2293 2.8022
22.5937 5.2465 16.2313 2.8020
22.5937 5.2465 16.2863 2.8336
22.5937 5.2465 16.3017 2.8470
22.5937 5.2465 16.3069 2.8502
22.5937 5.2465 16.3147 2.8375
22.5937 5.2465 16.3291 2.8335
22.5937 5.2465 16.3528 2.8306
22.5937 5.2465 16.3580 2.8304
22.5937 5.2465 16.3686 2.8293
22.5937 5.2465 16.4000 2.8324
22.5937 5.2465 16.4000 2.8324
22.5937 5.2465 16.4132 2.8339
22.5937 5.2465 16.4132 2.8339
22.5937 5.2465 16.4274 2.8286
22.5937 5.2465 16.4867 2.7973
22.5937 5.2465 16.5337 2.8200
22.5937 5.2465 16.6013 2.7909
22.5937 5.2465 16.6145 2.7712
22.5937 5.2465 16.6171 2.7731
22.5937 5.2465 16.6433 2.7946
22.5937 5.2465 16.6910 2.8250
22.5937 5.2465 16.6954 2.8246
22.5937 5.2465 16.6954 2.8246
22.5937 5.2465 16.6954 2.8246
22.5937 5.2465 16.7217 2.8344
22.5937 5.2465 16.7331 2.8339
22.5937 5.2465 16.7662 2.8235
22.5937 5.2465 16.7662 2.8235
22.5937 5.2465 16.7662 2.8235
22.5937 5.2465 16.7973 2.8256
22.5937 5.2465 16.7973 2.8256
22.5937 5.2465 16.7973 2.8256
22.5937 5.2465 16.8210 2.7950
22.5937 5.2465 16.8384 2.7959
22.5937 5.2465 16.8384 2.7959
22.5937 5.2465 16.8530 2.8154
22.5937 5.2465 16.8530 2.8154
22.5937 5.2465 16.8749 2.8118
22.5937 5.2465 16.8935 2.8236
22.5937 5.2465 16.8940 2.8237
22.5937 5.2465 16.8945 2.8241
22.5937 5.2465 16.8945 2.8241
22.5937 5.2465 16.9246 2.8428
22.5937 5.2465 16.9371 2.8445
22.5937 5.2465 16.9419 2.8476
22.5937 5.2465 16.9562 2.8449
22.5937 5.2465 16.9563 2.8449
22.5937 5.2465 16.9585 2.8454
22.5937 5.2465 16.9975 2.8731
22.5937 5.2465 17.0430 2.8465
22.5937 5.2465 17.0485 2.8441
22.5937 5.2465 17.0716 2.8353
22.5937 5.2465 17.0724 2.8360
22.5937 5.2465 17.0840 2.8358
22.5937 5.2465 17.1258 2.8302
22.5937 5.2465 17.1427 2.8256
22.5937 5.2465 17.1507 2.8242
22.5937 5.2465 17.1911 2.8193
22.5937 5.2465 17.1928 2.8198
22.5937 5.2465 17.2092 2.8463
22.5937 5.2465 17.2215 2.8461
22.5937 5.2465 17.2608 2.8240
22.5937 5.2465 17.3406 2.8321
22.5937 5.2465 17.3513 2.8177
22.5937 5.2465 17.3579 2.8162
22.5937 5.2465 17.3684 2.8140
22.5937 5.2465 17.3745 2.8195
22.5937 5.2465 17.3752 2.8197
22.5937 5.2465 17.4208 2.7914
22.5937 5.2465 17.4213 2.7913
22.5937 5.2465 17.4213 2.7913
22.5937 5.2465 17.4254 2.7936
22.5937 5.2465 17.5146 2.8147
22.5937 5.2465 17.5933 2.7447
22.5937 5.2465 17.6276 2.7481
22.5937 5.2465 17.6276 2.7481
22.5937 5.2465 17.6316 2.7488
22.5937 5.2465 17.6567 2.7464
22.5937 5.2465 17.6567 2.7464
22.5937 8.9099 17.7495 2.4682
22.6543 8.9099 17.7998 2.4983
22.6543 8.9099 17.8018 2.4987
22.6543 8.9099 17.8021 2.4986
22.6543 8.9099 17.8556 2.5182
22.6543 8.9099 17.8950 2.5208
22.6543 8.9099 17.9067 2.5222
22.6543 8.9099 17.9203 2.5245
22.6543 8.9099 17.9378 2.5368
22.6543 8.9099 17.9822 2.5662
22.6543 8.9099 17.9822 2.5662
22.6543 8.9099 17.9822 2.5662
22.6543 8.9099 17.9822 2.5662
22.6543 8.9099 17.9845 2.5659
