4.2396 0.0100 0.3316 0.6854
5.3869 0.0100 0.4043 0.9354
5.3869 0.0100 0.4149 0.9370
5.3869 0.0100 0.4409 0.9434
5.3869 0.0100 0.4714 0.9562
5.3869 0.0100 0.4901 0.9654
5.3869 0.0100 0.5003 0.9657
5.3869 0.0100 0.5105 0.9659
5.3869 0.0100 0.5502 1.0242
5.3869 0.0100 0.5777 1.0421
5.3869 0.0100 0.5874 1.0413
5.3869 0.0100 0.5975 1.0504
5.3869 0.0100 0.6005 1.0521
5.3869 0.0100 0.6321 1.0606
5.3869 0.0100 0.6717 1.1096
5.3869 0.0100 0.6922 1.1067
5.3869 0.0100 0.7025 1.1051
5.3869 0.0100 0.7157 1.1169
5.3869 0.0100 0.7581 1.1687
5.3869 0.0100 0.7784 1.1731
5.3869 0.0100 0.7990 1.1684
5.3869 0.0100 0.7990 1.1684
5.3869 0.0100 0.8009 1.1672
5.3869 0.0100 0.8219 1.1623
5.3869 0.0100 0.8996 1.2333
5.3869 0.0100 0.9266 1.2282
5.3869 0.0100 0.9325 1.2343
5.3869 0.0100 0.9428 1.2308
6.2873 0.0100 1.0023 1.3445
6.2873 0.0100 1.0287 1.3377
6.2873 0.0100 1.0420 1.3341
6.2873 0.0100 1.0548 1.3395
6.2873 0.0100 1.0752 1.3312
6.2873 0.0100 1.1018 1.3362
6.2873 0.0100 1.1150 1.3318
6.2873 0.0100 1.1289 1.3272
6.2873 0.0100 1.1289 1.3272
6.2873 0.0100 1.1601 1.3314
6.2873 0.0100 1.1737 1.3372
6.2873 0.0100 1.1881 1.3321
6.2873 0.0100 1.1984 1.3270
6.2873 0.0100 1.2013 1.3270
6.2873 0.0100 1.2116 1.3217
6.2873 0.0100 1.2266 1.3272
6.2873 0.0100 1.2469 1.3241
6.2873 0.0100 1.3080 1.4031
6.2873 0.0100 1.3182 1.3974
6.2873 0.0100 1.3287 1.3992
6.2873 0.0100 1.3552 1.3864
6.2873 0.0100 1.3552 1.3864
6.2873 0.0100 1.4136 1.4501
6.2873 0.0100 1.4535 1.4657
6.2873 0.0100 1.5215 1.5507
6.2873 0.0100 1.5340 1.5438
6.2873 0.0100 1.5498 1.5497
6.2873 0.0100 1.5537 1.5489
6.2873 0.0100 1.5765 1.5471
6.2873 0.0100 1.6178 1.5868
6.2873 0.0100 1.6402 1.5899
6.2873 0.0100 1.6898 1.6554
6.2873 0.0100 1.7349 1.7059
6.2873 0.0100 1.7518 1.6981
6.2873 0.0100 1.7648 1.6976
6.2873 0.0100 1.8068 1.6935
6.2873 0.0100 1.8171 1.6857
6.2873 0.0100 1.8649 1.7340
6.2873 0.0100 1.8723 1.7456
6.2873 0.0100 1.9009 1.7715
6.2873 0.0100 1.9243 1.7754
6.2873 0.0100 1.9243 1.7754
6.2873 0.0100 1.9986 1.7989
6.2873 0.0100 2.0203 1.8002
6.2873 0.0100 2.0497 1.8243
6.2873 0.0100 2.0895 1.8593
6.2873 0.0100 2.1125 1.8477
6.2873 0.0100 2.1290 1.8454
6.2873 0.0100 2.1609 1.8361
6.2873 0.0100 2.1973 1.8809
6.2873 0.0100 2.2590 1.9092
6.2873 0.0100 2.2647 1.9064
6.2873 0.0100 2.2956 1.9392
6.2873 0.0100 2.3246 1.9264
6.2873 0.0100 2.4050 1.9490
6.2873 0.0100 2.4080 1.9472
6.2873 0.0100 2.4299 1.9449
6.2873 0.0100 2.4606 1.9469
6.2873 0.0100 2.4667 1.9434
6.2873 0.0100 2.4926 1.9457
6.2873 0.0100 2.4983 1.9423
6.2873 0.0100 2.5090 1.9373
6.2873 0.0100 2.5344 1.9560
6.2873 0.0100 2.5526 1.9801
6.2873 0.0100 2.5629 1.9694
6.2873 0.0100 2.5632 1.9698
6.2873 0.0100 2.5945 1.9929
6.2873 0.0100 2.5982 1.9903
6.2873 0.0100 2.6069 1.9851
6.2873 0.0100 2.6382 1.9686
6.2873 0.0100 2.6437 1.9749
6.2873 0.0100 2.6456 1.9748
6.2873 0.0100 2.6900 1.9650
6.2873 0.0100 2.7422 1.9856
6.6170 0.0100 2.7465 1.9936
6.6170 0.0100 2.7624 1.9811
6.6170 0.0100 2.8090 1.9949
6.6170 0.0100 2.8100 1.9963
6.6170 0.0100 2.8453 2.0254
6.6170 0.0100 2.8687 2.0178
6.6170 0.0100 2.8996 2.0182
6.6170 0.0100 2.9128 2.0140
6.6214 0.0100 2.9206 2.0268
6.6214 0.0100 2.9657 2.0412
6.6214 0.0100 2.9918 2.0607
6.6214 0.0100 2.9930 2.0616
6.6214 0.0100 3.0059 2.0680
6.6214 0.0100 3.0242 2.0586
6.6214 0.0100 3.0834 2.0377
6.6214 0.0100 3.0997 2.0297
6.6214 0.0100 3.0997 2.0297
6.6214 0.0100 3.1392 2.0093
6.6214 0.0100 3.1442 2.0146
6.6214 0.0100 3.1894 1.9878
6.6214 0.0100 3.2146 2.0106
6.6214 0.0100 3.2520 2.0096
6.6214 0.0100 3.2887 1.9834
6.6214 0.0100 3.2887 1.9834
6.6214 0.0100 3.3322 1.9581
6.6214 0.0100 3.3730 1.9307
6.6214 0.0100 3.3832 1.9156
6.6214 0.0100 3.3992 1.9138
6.6214 0.0100 3.4053 1.9185
6.6214 0.0100 3.4238 1.9044
7.0622 0.0100 3.4439 1.9319
7.0622 0.0100 3.4547 1.9165
7.0622 0.0100 3.4547 1.9164
7.0622 0.0100 3.4547 1.9164
7.0622 0.0100 3.4548 1.9166
7.0622 0.0100 3.4820 1.9443
7.0622 0.0100 3.4823 1.9442
7.0622 0.0100 3.4945 1.9261
7.0622 0.0100 3.5192 1.9403
7.0622 0.0100 3.5398 1.9566
7.0622 0.0100 3.5691 1.9566
7.0622 0.0100 3.5836 1.9535
7.0622 0.0100 3.6232 1.9117
7.0622 0.0100 3.6232 1.9117
7.0622 0.0100 3.6414 1.9330
7.0622 0.0100 3.6477 1.9407
7.0622 0.0100 3.6477 1.9407
7.0622 0.0100 3.6495 1.9428
7.0622 0.0100 3.6654 1.9301
7.0622 0.0100 3.7212 1.9426
7.0622 0.0100 3.7369 1.9602
7.0622 0.0100 3.7369 1.9602
7.0622 0.0100 3.7397 1.9572
7.0622 0.0100 3.7397 1.9572
7.0622 0.0100 3.7397 1.9572
7.0622 0.0100 3.7602 1.9540
7.0622 0.0100 3.7960 1.9588
7.0622 0.0100 3.7970 1.9602
7.0622 0.0100 3.8382 1.9820
7.0622 0.0100 3.8452 1.9903
7.0622 0.0100 3.8632 1.9989
7.0622 0.0100 3.8633 1.9989
7.0622 0.0100 3.8633 1.9989
7.0622 0.0100 3.8633 1.9989
7.0622 0.0100 3.9054 2.0123
7.0622 0.0100 3.9322 2.0108
7.0622 0.0100 3.9471 1.9947
7.0622 0.0100 4.0004 1.9874
7.0622 0.0100 4.0170 2.0033
7.0622 0.0100 4.0603 2.0015
7.0622 0.0100 4.0719 1.9979
7.0622 0.0100 4.0728 1.9988
7.0622 0.0100 4.1042 1.9912
7.0622 0.0100 4.1239 1.9806
7.0622 0.0100 4.1261 1.9825
7.3978 0.0100 4.1416 2.0018
7.3978 0.0100 4.1820 2.0108
7.3978 0.0100 4.2077 2.0253
7.3978 0.0100 4.2267 2.0433
7.3978 0.0100 4.2444 2.0494
7.3978 0.0100 4.2931 2.0001
7.3978 0.0100 4.2998 2.0064
7.3978 0.0100 4.3228 2.0036
7.3978 0.0100 4.3329 2.0113
7.3978 0.0100 4.3572 2.0222
7.3978 0.0100 4.3572 2.0222
7.3978 0.0100 4.3687 2.0248
7.3978 0.0100 4.3734 2.0288
7.3978 0.0100 4.3769 2.0315
7.3978 0.0100 4.3788 2.0330
7.3978 0.0100 4.3944 2.0147
7.3978 0.0100 4.3944 2.0147
7.3978 0.0100 4.4320 2.0148
7.3978 0.0100 4.4634 1.9859
7.3978 0.0100 4.5112 1.9612
7.3978 0.0100 4.5112 1.9612
7.3978 0.0100 4.5240 1.9556
7.3978 0.0100 4.5240 1.9556
7.3978 0.0100 4.5387 1.9511
7.3978 0.0100 4.5657 1.9254
7.3978 0.0100 4.6108 1.9020
7.3978 0.1018 4.6500 1.8463
7.3978 0.1018 4.6933 1.8551
7.3978 0.1018 4.7358 1.8192
7.3978 0.1018 4.7380 1.8211
7.3978 0.1018 4.7547 1.8323
7.3978 0.1018 4.7652 1.8313
7.3978 0.1018 4.7919 1.8003
7.3978 0.1018 4.7919 1.8003
7.3978 0.1018 4.8014 1.7982
7.3978 0.1018 4.8154 1.8008
7.3978 0.1018 4.8302 1.7912
7.3978 0.1018 4.8302 1.7912
7.3978 0.1018 4.8330 1.7937
7.3978 0.1018 4.8352 1.7929
7.3978 0.1018 4.8352 1.7929
7.3978 0.1018 4.8596 1.7774
7.3978 0.1018 4.9126 1.7504
7.3978 0.1018 4.9416 1.7390
7.3978 0.1018 4.9475 1.7431
7.3978 0.1018 4.9977 1.7015
7.3978 0.1018 5.0010 1.7043
7.3978 0.1018 5.0010 1.7043
7.3978 0.1018 5.0036 1.7066
7.3978 0.1018 5.0365 1.7021
7.3978 0.1018 5.0808 1.6849
7.3978 0.1018 5.0808 1.6849
7.3978 0.1018 5.0818 1.6857
7.3978 0.1018 5.1091 1.7060
7.3978 0.1018 5.1136 1.7094
7.3978 0.1018 5.1432 1.6909
7.3978 0.1018 5.1700 1.6937
7.3978 0.1018 5.2098 1.6421
7.3978 0.1018 5.2428 1.6164
7.3978 0.1018 5.2730 1.5649
7.3978 0.1018 5.2919 1.5793
7.3978 0.1018 5.3277 1.5308
7.3978 0.1018 5.3444 1.5350
7.3978 0.1018 5.3524 1.5362
7.3978 0.1018 5.3524 1.5362
7.3978 0.1018 5.3751 1.5262
7.3978 0.1018 5.3849 1.5292
7.3978 0.1018 5.4090 1.5285
7.3978 0.1018 5.4232 1.5237
7.3978 0.1018 5.4232 1.5237
7.3978 0.1018 5.4232 1.5237
7.3978 0.1018 5.4232 1.5237
7.3978 0.1018 5.4341 1.5178
7.4567 0.1018 5.4883 1.4993
7.4567 0.1018 5.5049 1.5001
7.4567 0.1018 5.5196 1.5039
7.4567 0.1018 5.5203 1.5038
7.4567 0.1018 5.5209 1.5042
7.4567 0.1018 5.5609 1.4874
7.4567 0.1018 5.5609 1.4874
7.4567 0.1018 5.5622 1.4870
7.4567 0.1018 5.5622 1.4870
7.4567 0.1018 5.5649 1.4886
7.4567 0.1018 5.5775 1.4713
7.4567 0.1018 5.5800 1.4674
7.4567 0.1018 5.5889 1.4718
7.4567 0.1018 5.6002 1.4724
7.4567 0.1018 5.6021 1.4732
7.4567 0.1018 5.6191 1.4664
7.4567 0.1018 5.6315 1.4682
7.4567 0.1018 5.6315 1.4682
7.4567 0.1018 5.6426 1.4682
7.4567 0.1018 5.6500 1.4737
7.4567 0.1018 5.6500 1.4737
7.4567 0.1018 5.6798 1.4737
7.4567 0.1018 5.6961 1.4642
7.4567 0.1018 5.7388 1.4199
7.4567 0.1018 5.7458 1.4201
7.4567 0.1018 5.7505 1.4237
7.4567 0.1018 5.7684 1.4213
7.4567 0.1018 5.7749 1.4232
7.4567 0.1018 5.7794 1.4237
7.4567 1.0369 5.8200 1.3148
7.5266 1.0369 5.8290 1.3234
7.5266 1.0369 5.8335 1.3253
7.5266 1.0369 5.8379 1.3285
7.5266 1.0369 5.8433 1.3308
7.5266 1.0369 5.8433 1.3308
7.5266 1.0369 5.8657 1.3356
7.5266 1.0369 5.8990 1.3124
7.5266 1.0369 5.9074 1.3190
7.5266 1.0369 5.9197 1.3287
7.5266 1.0369 5.9209 1.3293
7.5266 1.0369 5.9639 1.3363
7.5266 1.0369 5.9644 1.3366
7.5266 1.0369 5.9693 1.3397
7.5266 1.0369 5.9757 1.3407
7.5266 1.0369 5.9757 1.3407
7.5266 1.0369 5.9811 1.3422
7.5266 1.0369 5.9930 1.3470
7.5266 1.0369 6.0050 1.3489
7.5266 1.0369 6.0050 1.3489
7.5266 1.0369 6.0228 1.3429
7.5266 1.0369 6.0247 1.3436
7.5266 1.0369 6.0673 1.3213
7.5266 1.0369 6.0765 1.3279
7.5266 1.0369 6.0832 1.3292
7.5266 1.0369 6.1114 1.3182
7.5411 1.0369 6.1119 1.3187
7.5411 1.0369 6.1249 1.3225
7.5472 1.0369 6.1343 1.3292
7.5472 1.0369 6.1353 1.3293
7.5472 1.0369 6.1448 1.3320
7.5472 1.0369 6.1448 1.3320
7.5472 1.0369 6.1453 1.3323
7.5472 1.0369 6.1589 1.3303
7.5472 1.0369 6.1589 1.3303
7.5472 1.0369 6.1651 1.3340
7.5472 1.0369 6.1668 1.3347
7.5472 1.0369 6.1762 1.3403
7.5472 1.0369 6.1762 1.3403
7.5472 1.0369 6.1841 1.3455
7.5472 1.0369 6.2305 1.2730
7.5472 1.0369 6.2305 1.2730
7.5472 1.0369 6.2667 1.2573
7.5472 1.0369 6.2669 1.2571
7.5472 1.0369 6.2669 1.2570
7.5472 1.0369 6.2670 1.2570
7.5472 1.0369 6.2679 1.2573
7.5472 1.0369 6.2679 1.2573
7.5472 1.0369 6.2687 1.2560
7.5472 1.0369 6.2743 1.2596
7.5472 1.0369 6.2743 1.2596
7.5472 1.0369 6.2743 1.2596
7.5472 1.0369 6.2823 1.2651
7.5472 1.0369 6.2908 1.2701
7.5472 1.0369 6.3036 1.2701
7.5472 1.0369 6.3312 1.2491
7.6053 1.0369 6.3499 1.2608
7.6053 1.0369 6.3602 1.2663
7.6053 1.0369 6.3602 1.2663
7.6053 1.0369 6.3602 1.2663
7.6053 1.0369 6.3602 1.2663
7.6053 1.0369 6.3647 1.2676
7.6053 1.0369 6.3855 1.2508
7.6053 1.0369 6.3855 1.2508
7.6053 1.0369 6.3864 1.2514
7.6053 1.0369 6.4223 1.2331
7.6053 1.0369 6.4324 1.2349
7.6053 1.0369 6.4689 1.2025
7.6053 1.0369 6.4689 1.2025
7.6053 1.0369 6.4689 1.2025
7.6053 1.0369 6.4696 1.2026
7.6053 1.0369 6.4696 1.2026
7.6053 1.0369 6.4709 1.2026
7.6053 1.0369 6.4901 1.1991
7.6053 1.0369 6.4911 1.1998
7.6053 1.0369 6.4911 1.1998
7.6053 1.0369 6.5106 1.2010
7.6053 1.0369 6.5173 1.2038
7.6053 1.0369 6.5173 1.2038
7.6053 1.0369 6.5173 1.2038
7.6743 1.0369 6.5207 1.2065
7.6743 1.0369 6.5207 1.2065
7.6743 1.0369 6.5706 1.0805
7.6743 1.0369 6.5706 1.0805
7.6743 1.0369 6.5706 1.0805
7.6743 1.0369 6.5755 1.0818
7.6743 1.0369 6.5755 1.0818
7.6743 1.0369 6.5836 1.0862
7.6743 1.0369 6.5921 1.0890
7.6743 1.0369 6.5921 1.0890
7.6743 1.0369 6.5970 1.0915
7.6743 1.0369 6.5970 1.0915
7.6743 1.0369 6.5970 1.0915
7.6743 1.0369 6.5970 1.0915
7.6743 1.0369 6.6293 1.0429
7.6743 1.0369 6.6511 1.0294
7.6743 1.0369 6.6594 1.0325
7.6743 1.0369 6.6594 1.0325
7.6743 1.0369 6.6613 1.0328
7.6743 1.0369 6.6618 1.0331
7.6743 1.0369 6.6757 1.0213
7.6743 1.0369 6.6812 1.0198
7.6743 1.0369 6.6825 1.0204
7.6743 2.6641 6.7317 0.8517
7.7477 2.6641 6.7324 0.8525
7.7477 2.6641 6.7411 0.8553
7.7477 2.6641 6.7688 0.8251
7.7477 2.6641 6.7688 0.8251
7.7477 2.6641 6.7770 0.8272
7.7477 2.6641 6.7866 0.8237
7.7477 2.6641 6.7866 0.8237
7.7477 2.6641 6.7949 0.8264
7.7477 2.6641 6.7949 0.8264
7.7477 2.6641 6.7954 0.8266
7.7477 2.6641 6.7979 0.8277
7.7477 2.6641 6.7988 0.8284
7.7477 2.6641 6.8007 0.8299
7.7477 2.6641 6.8029 0.8298
7.7477 2.6641 6.8031 0.8299
7.7477 2.6641 6.8264 0.7839
7.7477 2.6641 6.8291 0.7835
7.7477 2.6641 6.8291 0.7835
7.7477 2.6641 6.8310 0.7829
7.7477 2.6641 6.8329 0.7844
7.7477 2.6641 6.8329 0.7844
7.7477 2.6641 6.8356 0.7839
7.7477 2.6641 6.8356 0.7839
7.7501 2.6641 6.8493 0.7878
7.7501 2.6641 6.8493 0.7878
7.7501 2.6641 6.8651 0.7534
7.7501 2.6641 6.8651 0.7534
7.7501 2.6641 6.8670 0.7518
8.3392 2.6641 6.8805 0.7659
8.3392 2.6641 6.8818 0.7672
8.3392 2.6641 6.8824 0.7678
8.3392 2.6641 6.8846 0.7681
8.3392 2.6641 6.8922 0.7628
8.3392 2.6641 6.8932 0.7621
8.3392 2.6641 6.8932 0.7621
8.3392 2.6641 6.8978 0.7581
8.3392 2.6641 6.8978 0.7581
8.3392 2.6641 6.8978 0.7581
8.3392 2.6641 6.9048 0.7587
8.3392 2.6641 6.9370 0.7091
8.3392 2.6641 6.9370 0.7091
8.3392 2.6641 6.9370 0.7091
8.3392 2.6641 6.9459 0.7084
8.3392 2.6641 6.9516 0.7106
8.3460 2.6641 6.9677 0.7238
8.3460 2.6641 6.9760 0.7251
8.3460 2.6641 6.9782 0.7260
8.3460 2.6641 6.9856 0.7208
8.3460 2.6641 6.9856 0.7208
8.3460 2.6641 6.9858 0.7207
8.3460 2.6641 6.9861 0.7206
8.3460 2.6641 6.9863 0.7208
8.3460 2.6641 6.9886 0.7221
8.3460 2.6641 6.9935 0.7206
8.3460 2.6641 6.9935 0.7206
8.3460 2.6641 7.0061 0.7192
8.3460 2.6641 7.0164 0.7187
8.3460 2.6641 7.0243 0.7210
8.3460 2.6641 7.0265 0.7220
8.3460 2.6641 7.0285 0.7206
8.3460 2.6641 7.0288 0.7205
8.3460 2.6641 7.0288 0.7205
8.3460 2.6641 7.0378 0.7192
8.3460 2.6641 7.0473 0.7301
8.3460 2.6641 7.0498 0.7312
8.3460 2.6641 7.0564 0.7309
8.3460 2.6641 7.0581 0.7319
8.3460 2.6641 7.0581 0.7319
8.3460 2.6641 7.0605 0.7325
8.3460 5.1472 7.1041 0.5843
8.3460 5.1472 7.1105 0.5849
8.3460 5.1472 7.1131 0.5863
8.3460 5.1472 7.1211 0.5868
8.3460 5.1472 7.1246 0.5878
8.3460 5.1472 7.1282 0.5891
8.3460 5.1472 7.1327 0.5874
8.3460 5.1472 7.1327 0.5874
8.3460 5.1472 7.1327 0.5874
8.3460 5.1472 7.1371 0.5888
8.3460 5.1472 7.1371 0.5888
8.3460 5.1472 7.1371 0.5888
8.3460 5.1472 7.1381 0.5895
8.3460 5.1472 7.1401 0.5901
8.3460 5.1472 7.1401 0.5901
8.3460 5.1472 7.1425 0.5899
8.3460 5.1472 7.1460 0.5905
8.3460 5.1472 7.1460 0.5905
8.3460 5.1472 7.1460 0.5905
8.3460 5.1472 7.1460 0.5905
8.3460 5.1472 7.1462 0.5906
8.3460 5.1472 7.1565 0.5862
8.3460 5.1472 7.1691 0.5992
8.3460 5.1472 7.1851 0.5878
8.3460 5.1472 7.1851 0.5878
8.3460 5.1472 7.1873 0.5889
8.3460 5.1472 7.1873 0.5889
8.3460 5.1472 7.1887 0.5896
8.3460 5.1472 7.1887 0.5896
8.3460 5.1472 7.1887 0.5896
8.3460 5.1472 7.2080 0.5529
8.3460 5.1472 7.2129 0.5487
8.3460 5.1472 7.2129 0.5487
8.3460 5.1472 7.2180 0.5490
8.3460 5.1472 7.2187 0.5494
8.3460 5.1472 7.2314 0.5464
8.3460 5.1472 7.2330 0.5471
8.3460 5.1472 7.2330 0.5471
8.3460 5.1472 7.2446 0.5607
8.3460 5.1472 7.2562 0.5679
8.3460 5.1472 7.2580 0.5686
8.3460 5.1472 7.2580 0.5686
8.3460 5.1472 7.2580 0.5686
8.3460 5.1472 7.2607 0.5692
8.3460 5.1472 7.2670 0.5691
8.3460 5.1472 7.2670 0.5691
8.3460 5.1472 7.2670 0.5691
8.3460 5.1472 7.2767 0.5642
8.3460 5.1472 7.2767 0.5642
8.3460 5.1472 7.2824 0.5698
8.3460 5.1472 7.2891 0.5673
8.3460 5.1472 7.2967 0.5649
8.3460 5.1472 7.3126 0.5542
8.3460 5.1472 7.3127 0.5543
8.3460 5.1472 7.3127 0.5543
8.3460 5.1472 7.3172 0.5544
8.3460 5.1472 7.3172 0.5544
8.3460 5.1472 7.3198 0.5559
8.3460 5.1472 7.3290 0.5519
8.3460 5.1472 7.3304 0.5523
8.3460 5.1472 7.3387 0.5612
8.3460 5.1472 7.3565 0.5334
8.3460 5.1472 7.3735 0.5117
8.3460 5.1472 7.3884 0.4946
8.3460 5.1472 7.3909 0.4958
8.3460 5.1472 7.3909 0.4958
8.3460 5.1472 7.3909 0.4958
8.3460 5.1472 7.3924 0.4960
8.3460 5.1472 7.3924 0.4960
8.3460 5.1472 7.3924 0.4960
8.3460 5.1472 7.3980 0.4945
8.3460 5.1472 7.3980 0.4945
8.3460 5.1472 7.3980 0.4945
8.3460 5.1472 7.3991 0.4946
8.3460 5.1472 7.3991 0.4946
8.3460 5.1472 7.4034 0.4926
8.3460 5.1472 7.4034 0.4926
8.3460 5.1472 7.4055 0.4925
8.3460 5.1472 7.4056 0.4924
8.3460 5.1472 7.4056 0.4924
8.3460 5.1472 7.4231 0.5039
8.3460 5.1472 7.4231 0.5039
8.3460 5.1472 7.4235 0.5040
8.3460 5.1472 7.4376 0.4878
8.3460 5.1472 7.4378 0.4878
8.3460 5.1472 7.4390 0.4882
8.3460 5.1472 7.4481 0.4814
8.3460 5.1472 7.4543 0.4776
8.3460 5.1472 7.4543 0.4776
8.4023 5.1472 7.4629 0.4868
8.4023 5.1472 7.4637 0.4867
8.4023 5.1472 7.4753 0.4803
8.4023 5.1472 7.4775 0.4805
8.4023 5.1472 7.4775 0.4805
8.4023 5.1472 7.4789 0.4804
8.4023 5.1472 7.4867 0.4878
8.4023 5.1472 7.4867 0.4878
8.4023 5.1472 7.4867 0.4878
8.4023 5.1472 7.4915 0.4873
8.4023 5.1472 7.4915 0.4873
8.4023 5.1472 7.4915 0.4873
8.4023 5.1472 7.4931 0.4874
8.4023 5.1472 7.4931 0.4874
8.4023 6.3421 7.5075 0.4365
8.4023 6.3421 7.5088 0.4366
8.4023 6.3421 7.5095 0.4366
8.4023 6.3421 7.5165 0.4417
8.4023 6.3421 7.5165 0.4417
8.4023 6.3421 7.5167 0.4417
8.4023 6.3421 7.5356 0.4365
8.4023 6.3421 7.5433 0.4283
8.4023 6.3421 7.5526 0.4190
8.4023 6.3421 7.5559 0.4212
8.4023 6.3421 7.5605 0.4227
8.4023 6.3421 7.5607 0.4226
8.4023 6.3421 7.5607 0.4226
8.4023 6.3421 7.5607 0.4226
8.4023 6.3421 7.5686 0.4299
8.4023 6.3421 7.5686 0.4299
8.4023 6.3421 7.5717 0.4286
8.4023 6.3421 7.5785 0.4362
8.4023 6.3421 7.5785 0.4362
8.4023 6.3421 7.5785 0.4362
8.4023 6.3421 7.5785 0.4362
8.4023 6.3421 7.5787 0.4363
8.4023 6.3421 7.5795 0.4369
8.4023 6.3421 7.5795 0.4369
8.4023 6.3421 7.5826 0.4373
8.4023 6.3421 7.5834 0.4376
8.4023 6.3421 7.5881 0.4341
8.4023 6.3421 7.5885 0.4347
8.4023 6.3421 7.5963 0.4408
8.4023 6.3421 7.5964 0.4408
8.4023 6.3421 7.5970 0.4407
8.4023 6.3421 7.5970 0.4407
8.4023 6.3421 7.5971 0.4410
8.4023 6.3421 7.6014 0.4424
8.4023 6.3421 7.6072 0.4482
8.4023 6.3421 7.6073 0.4482
8.4023 6.3426 7.6204 0.4298
8.4023 6.3426 7.6204 0.4298
8.4023 6.3426 7.6204 0.4298
8.4023 6.3426 7.6204 0.4298
8.4023 6.3426 7.6212 0.4297
8.4023 6.3426 7.6214 0.4297
8.4023 6.3426 7.6214 0.4297
8.9008 6.3426 7.6270 0.4424
8.9008 6.3426 7.6315 0.4374
8.9008 6.3426 7.6543 0.4435
8.9008 6.3426 7.6587 0.4404
8.9008 6.3426 7.6668 0.4326
8.9008 6.3426 7.6753 0.4375
8.9008 6.3426 7.6753 0.4375
8.9008 6.3426 7.6753 0.4375
8.9008 6.3426 7.6753 0.4375
8.9008 6.3426 7.6809 0.4390
8.9008 6.3426 7.6843 0.4368
8.9008 6.3426 7.6859 0.4390
8.9008 6.3426 7.6938 0.4434
8.9008 6.3426 7.7098 0.4332
8.9008 6.3426 7.7100 0.4330
8.9008 6.3426 7.7100 0.4330
9.4728 6.3426 7.7157 0.4521
9.4728 6.3426 7.7247 0.4567
9.4728 6.3426 7.7285 0.4532
9.4728 6.3426 7.7303 0.4521
9.4728 6.3426 7.7303 0.4521
9.4728 6.3426 7.7326 0.4517
9.4728 6.3426 7.7326 0.4517
9.4728 6.3426 7.7376 0.4533
9.4728 6.3426 7.7376 0.4533
9.4728 6.3426 7.7451 0.4580
9.4728 6.3426 7.7544 0.4618
9.4728 6.3426 7.7559 0.4612
9.4728 6.3426 7.7559 0.4612
9.4728 6.3426 7.7559 0.4612
9.4728 6.3426 7.7559 0.4612
9.4728 6.3426 7.7559 0.4612
9.4728 6.3426 7.7571 0.4607
9.4728 6.3426 7.7643 0.4642
9.4728 6.3426 7.7643 0.4642
9.4728 6.3426 7.7730 0.4678
9.4728 6.3426 7.7817 0.4736
9.4728 6.3426 7.7901 0.4771
9.4728 6.3426 7.7901 0.4771
9.4728 6.3426 7.7928 0.4753
9.4728 6.3426 7.8026 0.4603
9.4728 6.3426 7.8027 0.4603
9.4728 6.3426 7.8027 0.4603
9.4728 6.3426 7.8027 0.4603
9.4728 6.3426 7.8027 0.4603
9.4728 6.3426 7.8027 0.4604
9.4728 6.3426 7.8027 0.4604
9.4728 6.3426 7.8187 0.4510
9.4728 6.3426 7.8188 0.4510
9.4728 6.3426 7.8233 0.4513
9.4728 6.3426 7.8233 0.4513
9.4728 6.3426 7.8233 0.4513
9.4728 6.3426 7.8341 0.4769
9.4728 6.3426 7.8402 0.4773
9.4728 6.3426 7.8402 0.4773
9.4728 6.3426 7.8402 0.4773
9.4728 6.3426 7.8409 0.4777
9.4728 6.3426 7.8474 0.4809
9.4728 6.3426 7.8496 0.4827
9.4728 6.3426 7.8557 0.4830
9.4728 6.3426 7.8730 0.4690
9.4728 6.3426 7.8731 0.4691
9.4728 6.3426 7.8816 0.4699
9.4728 6.3426 7.8816 0.4699
9.4728 6.3426 7.8829 0.4713
9.4728 6.3426 7.8921 0.4722
9.4728 6.3426 7.8930 0.4717
9.4728 6.3426 7.8956 0.4716
9.4728 6.3426 7.8968 0.4709
9.4728 6.3426 7.9037 0.4707
9.4728 6.3426 7.9054 0.4720
9.4728 6.3426 7.9054 0.4720
9.4728 6.3426 7.9123 0.4733
9.4728 6.3426 7.9123 0.4733
9.4728 6.3426 7.9126 0.4731
9.4728 6.3426 7.9238 0.4962
9.4728 6.3426 7.9238 0.4962
9.4728 6.3426 7.9296 0.4964
9.4728 6.3426 7.9363 0.4923
9.4728 6.3426 7.9400 0.4939
9.4728 6.3426 7.9451 0.5011
9.4728 6.3426 7.9466 0.5001
9.4728 6.3426 7.9466 0.5001
9.4728 6.3426 7.9466 0.5001
9.4728 6.3426 7.9466 0.5001
9.4728 6.3426 7.9546 0.5001
9.4728 6.3426 7.9550 0.4998
9.4728 6.3426 7.9553 0.5000
9.4728 6.3426 7.9559 0.5005
9.4728 6.3426 7.9632 0.5008
9.4728 6.3426 7.9702 0.5009
9.4728 6.3426 7.9710 0.5004
9.4728 6.3426 7.9710 0.5004
9.4728 6.3426 7.9766 0.5075
9.4728 6.3426 7.9837 0.5084
9.4728 6.3426 7.9970 0.5148
9.4728 6.3426 8.0008 0.5118
9.4728 6.3426 8.0087 0.5110
9.4728 6.3426 8.0166 0.5099
9.4728 6.3426 8.0166 0.5099
9.4728 6.3426 8.0219 0.5099
9.4728 6.3426 8.0222 0.5097
9.4728 6.3426 8.0253 0.5075
9.4728 6.3426 8.0254 0.5076
9.4728 6.3426 8.0254 0.5076
9.4728 6.3426 8.0254 0.5076
9.4728 6.3426 8.0254 0.5076
9.4728 6.3426 8.0254 0.5076
9.4728 6.3426 8.0262 0.5073
9.4728 6.3426 8.0291 0.5067
9.4728 6.3426 8.0291 0.5067
9.4859 6.3426 8.0490 0.5241
9.4859 6.3426 8.0490 0.5242
9.4859 6.3426 8.0490 0.5242
9.4859 6.3426 8.0637 0.5272
9.4859 6.3426 8.0640 0.5273
9.4859 6.3426 8.0718 0.5265
9.4859 6.3426 8.0849 0.5449
9.4859 6.3426 8.0849 0.5449
9.4859 6.3426 8.0878 0.5473
9.4859 6.3426 8.0918 0.5481
9.4859 6.3426 8.0918 0.5481
9.4859 6.3426 8.0959 0.5455
9.4859 6.3426 8.1051 0.5428
9.4859 6.3426 8.1056 0.5423
9.4859 6.3426 8.1062 0.5420
9.4859 6.3426 8.1173 0.5354
9.4859 6.3426 8.1235 0.5338
9.4859 6.3426 8.1235 0.5338
9.4859 6.3426 8.1235 0.5338
9.4859 6.3426 8.1322 0.5302
9.4859 6.3426 8.1412 0.5271
9.4859 6.3426 8.1424 0.5274
9.4859 6.3426 8.1424 0.5274
9.4859 6.3426 8.1432 0.5278
9.4859 6.3426 8.1512 0.5246
9.4859 6.3426 8.1512 0.5246
9.4859 6.3426 8.1539 0.5248
9.4859 6.3426 8.1597 0.5295
9.4859 6.3426 8.1675 0.5264
9.4859 6.3426 8.1675 0.5264
9.4859 6.3426 8.1675 0.5264
9.4859 6.3426 8.1677 0.5265
9.4863 6.3426 8.1817 0.5425
9.4863 6.3426 8.1817 0.5425
9.4863 6.3426 8.1823 0.5427
9.4863 6.3426 8.1823 0.5427
9.4863 6.3426 8.1983 0.5571
9.4863 6.3426 8.1983 0.5571
9.4863 6.3426 8.2003 0.5560
9.4863 6.3426 8.2003 0.5560
9.4863 6.3426 8.2003 0.5560
9.4863 6.3426 8.2058 0.5552
9.4863 6.3426 8.2058 0.5552
9.4863 6.3426 8.2250 0.5657
9.4863 6.3426 8.2442 0.5752
9.4863 6.3426 8.2447 0.5745
9.4863 6.3426 8.2447 0.5745
9.4863 6.3426 8.2447 0.5745
9.4863 6.3426 8.2447 0.5745
9.4863 6.3426 8.2474 0.5744
9.4863 6.3426 8.2474 0.5744
9.4863 6.3426 8.2612 0.5869
9.4863 6.3426 8.2619 0.5871
9.4863 6.3426 8.2619 0.5871
9.4863 6.3426 8.2630 0.5860
9.4863 6.3426 8.2630 0.5860
9.4863 6.3426 8.2689 0.5897
9.4863 6.3426 8.2689 0.5897
9.4863 6.3426 8.2861 0.5995
9.4863 6.3426 8.2993 0.6111
9.4863 6.3426 8.3043 0.6139
9.4863 6.3426 8.3057 0.6133
9.4863 6.3426 8.3057 0.6133
9.4863 6.3426 8.3057 0.6133
9.4863 6.3426 8.3182 0.6241
9.4863 6.3426 8.3182 0.6241
9.4863 6.3426 8.3182 0.6242
9.4863 6.3426 8.3246 0.6206
9.4863 6.3426 8.3246 0.6206
9.4863 6.3426 8.3246 0.6206
9.4863 6.3426 8.3259 0.6205
9.4863 6.3426 8.3451 0.6264
9.4863 6.3426 8.3538 0.6202
9.4863 6.3426 8.3538 0.6202
9.4863 6.3426 8.3543 0.6196
9.4863 6.3426 8.3593 0.6219
9.4863 6.3426 8.3593 0.6219
9.4863 6.3426 8.3595 0.6222
9.4863 6.3426 8.3778 0.6281
9.4863 6.3426 8.3784 0.6281
9.4863 6.3426 8.3791 0.6276
9.4863 6.3426 8.3826 0.6241
9.4863 6.3426 8.3907 0.6288
9.4863 6.3426 8.3907 0.6288
9.4863 6.3426 8.3928 0.6284
9.4863 6.3426 8.4081 0.6305
9.4863 6.3426 8.4115 0.6269
9.4863 6.3426 8.4119 0.6269
9.4863 6.3426 8.4182 0.6302
9.4863 6.3426 8.4182 0.6302
9.4863 6.3426 8.4291 0.6391
9.4863 6.3426 8.4349 0.6460
9.4863 6.3426 8.4352 0.6462
9.4863 6.3426 8.4394 0.6470
9.4863 6.3426 8.4394 0.6470
9.4863 6.3426 8.4394 0.6470
9.4863 6.3426 8.4394 0.6470
9.4863 6.3426 8.4394 0.6470
9.4863 6.3426 8.4431 0.6485
9.4863 6.3426 8.4431 0.6485
9.4863 6.3426 8.4476 0.6494
9.4863 6.3426 8.4582 0.6573
9.4863 6.3426 8.4640 0.6588
9.4863 6.3426 8.4640 0.6588
9.4863 6.3426 8.4640 0.6588
9.4863 6.3426 8.4640 0.6588
9.4863 6.3426 8.4658 0.6578
9.4863 6.3426 8.4658 0.6578
9.4863 6.3426 8.4661 0.6580
9.4863 6.3426 8.4740 0.6655
9.4863 6.3426 8.4754 0.6650
9.4863 6.3426 8.4766 0.6647
9.4863 6.3426 8.4766 0.6647
9.4863 6.3426 8.4825 0.6661
9.4863 6.3426 8.5001 0.6692
9.4863 6.3426 8.5193 0.6696
9.4863 6.3426 8.5193 0.6696
9.4863 6.3426 8.5193 0.6696
9.4863 6.3426 8.5199 0.6695
9.4863 6.3426 8.5350 0.6608
9.4863 6.3426 8.5356 0.6607
9.4863 6.3426 8.5356 0.6607
9.4863 6.3426 8.5356 0.6607
9.4863 6.3426 8.5356 0.6607
9.4863 6.3426 8.5356 0.6607
9.4863 6.3426 8.5380 0.6598
9.4863 6.3426 8.5380 0.6598
9.4863 6.3426 8.5437 0.6654
9.4863 6.3426 8.5437 0.6654
9.4863 6.3426 8.5437 0.6654
9.4863 6.3426 8.5498 0.6613
9.4863 6.3426 8.5686 0.6609
9.4863 7.0758 8.5759 0.6399
9.4863 7.0758 8.5766 0.6397
9.4863 7.0758 8.5875 0.6458
9.4863 7.0758 8.5875 0.6458
9.4863 7.0758 8.5875 0.6458
9.4863 7.0758 8.5950 0.6479
9.4863 7.0758 8.5954 0.6481
9.4863 7.0758 8.5970 0.6472
9.4863 7.0758 8.5970 0.6472
9.4863 7.0758 8.6077 0.6527
9.4863 7.0758 8.6077 0.6527
9.4863 7.0758 8.6118 0.6523
9.4863 7.0758 8.6118 0.6523
9.4863 7.0758 8.6200 0.6446
9.4863 7.0758 8.6200 0.6446
9.4863 7.0758 8.6201 0.6446
9.4863 7.0758 8.6298 0.6452
9.4863 7.0758 8.6298 0.6452
9.4863 7.0758 8.6298 0.6452
9.4863 7.0758 8.6298 0.6452
9.4863 7.0758 8.6320 0.6438
9.4863 7.0758 8.6320 0.6438
9.4863 7.0758 8.6323 0.6439
9.4863 7.0758 8.6337 0.6443
9.4863 7.0758 8.6337 0.6443
9.4863 7.0758 8.6337 0.6443
9.4863 7.0758 8.6337 0.6443
9.4863 7.0758 8.6337 0.6443
9.4863 7.0758 8.6364 0.6383
9.4863 7.0758 8.6365 0.6384
9.4863 7.0758 8.6365 0.6384
9.4863 7.0758 8.6366 0.6384
9.4863 7.0758 8.6424 0.6435
9.4863 7.0758 8.6479 0.6433
9.4863 7.0758 8.6479 0.6433
9.4863 7.0758 8.6480 0.6433
9.4863 7.0758 8.6480 0.6433
9.4863 7.0758 8.6480 0.6433
9.4863 7.0758 8.6480 0.6433
9.4863 7.0758 8.6480 0.6433
9.4863 7.0758 8.6480 0.6433
9.4863 7.0758 8.6594 0.6480
9.4863 7.0758 8.6594 0.6480
9.4863 7.0758 8.6596 0.6481
9.4863 7.0758 8.6649 0.6482
9.4863 7.0758 8.6649 0.6482
9.4863 7.0758 8.6699 0.6481
9.4863 7.0758 8.6813 0.6523
9.4863 7.0758 8.6846 0.6517
9.4863 7.0758 8.6846 0.6517
9.4863 7.0758 8.6918 0.6528
9.4863 7.0758 8.6920 0.6530
9.4863 7.0758 8.6920 0.6530
9.4863 7.0758 8.6995 0.6539
9.4863 7.0758 8.7015 0.6532
9.4863 7.0758 8.7090 0.6540
9.4863 7.0758 8.7151 0.6534
9.4863 7.0758 8.7151 0.6534
9.4863 7.0758 8.7271 0.6564
9.4863 7.0758 8.7379 0.6590
9.4863 7.0758 8.7490 0.6621
9.4863 7.0758 8.7540 0.6616
9.4863 7.0758 8.7551 0.6596
9.4863 7.0758 8.7722 0.6562
9.4863 7.0758 8.7829 0.6590
9.4863 7.0758 8.7829 0.6590
9.4863 7.0758 8.7866 0.6558
9.4863 7.0758 8.7938 0.6468
9.4863 7.0758 8.7953 0.6460
9.4863 7.0758 8.8010 0.6449
9.4863 7.0758 8.8066 0.6484
9.4863 7.0758 8.8066 0.6484
9.4863 7.0758 8.8066 0.6484
9.4863 7.0758 8.8090 0.6475
9.4863 7.0758 8.8221 0.6478
9.4863 7.0758 8.8222 0.6478
9.4863 7.0758 8.8222 0.6478
9.4985 7.0758 8.8224 0.6481
9.4985 7.0758 8.8225 0.6481
9.4985 7.0758 8.8225 0.6481
9.4985 7.0758 8.8278 0.6469
9.4985 7.0758 8.8386 0.6487
9.4985 7.0758 8.8441 0.6518
9.4985 7.0758 8.8441 0.6518
9.4985 7.0758 8.8495 0.6438
9.4985 7.0758 8.8667 0.6262
9.4985 7.0758 8.8674 0.6257
9.4985 7.0758 8.8674 0.6257
9.4985 7.0758 8.8788 0.6264
9.4985 7.5055 8.8831 0.6154
9.4985 7.5055 8.8831 0.6154
9.4985 7.5055 8.8832 0.6155
9.4985 7.5055 8.8850 0.6155
9.4985 7.5055 8.8877 0.6137
9.4985 7.5055 8.8877 0.6137
9.4985 7.5055 8.8912 0.6114
9.4985 7.5055 8.8915 0.6114
9.4985 7.5055 8.8915 0.6114
9.4985 7.5055 8.8915 0.6114
9.4985 7.5055 8.8915 0.6114
9.4985 7.5055 8.9065 0.6074
9.4985 7.5055 8.9104 0.5995
9.4985 7.5055 8.9210 0.6000
9.4985 7.5055 8.9222 0.5982
9.4985 7.5055 8.9222 0.5982
9.4985 7.5055 8.9308 0.6000
9.4985 7.5055 8.9421 0.5997
9.4985 7.5055 8.9421 0.5997
9.4985 7.5055 8.9421 0.5997
9.5204 7.5055 8.9484 0.6025
9.5204 7.5055 8.9543 0.6048
9.5204 7.5055 8.9543 0.6048
9.5204 7.5055 8.9598 0.6070
9.5204 7.5055 8.9598 0.6070
9.5204 7.5055 8.9598 0.6070
9.5204 7.5055 8.9608 0.6058
9.5204 7.5055 8.9608 0.6058
9.5204 7.5055 8.9608 0.6058
9.5204 7.5055 8.9608 0.6058
9.5204 7.5055 8.9608 0.6058
9.5204 7.5055 8.9667 0.6080
9.5204 7.5055 8.9667 0.6080
9.5204 7.5055 8.9668 0.6081
9.5204 7.5055 8.9668 0.6081
9.5204 7.5055 8.9668 0.6081
9.5204 7.5055 8.9777 0.6075
9.5204 7.5055 8.9777 0.6075
9.5204 7.5055 8.9777 0.6075
9.5204 7.5055 8.9777 0.6075
9.5204 7.5055 8.9836 0.6099
9.5204 7.5055 8.9836 0.6099
9.5204 7.5055 8.9838 0.6101
9.5204 7.5055 8.9894 0.6121
9.5204 7.5055 8.9894 0.6121
9.5204 7.5055 8.9896 0.6121
9.5204 7.5055 8.9896 0.6121
9.5204 7.5055 9.0090 0.5966
9.5204 7.5055 9.0090 0.5966
9.5204 7.5055 9.0090 0.5966
9.5204 7.5055 9.0090 0.5966
9.5204 7.5055 9.0091 0.5966
9.5204 7.5055 9.0206 0.5908
9.5204 7.5055 9.0207 0.5909
9.5204 7.5055 9.0213 0.5902
9.5204 7.5055 9.0278 0.5871
9.5204 7.5055 9.0278 0.5871
9.5204 7.5055 9.0472 0.5696
9.5204 7.5055 9.0655 0.5537
9.5204 7.5055 9.0688 0.5552
9.5204 7.5055 9.0688 0.5552
9.5204 7.5055 9.0765 0.5454
9.5204 7.5055 9.0765 0.5454
9.5204 7.5055 9.0765 0.5454
9.5204 7.5055 9.0832 0.5431
9.5204 7.5055 9.0946 0.5396
9.5204 7.5055 9.0977 0.5380
9.5204 7.5055 9.0977 0.5380
9.5204 7.5055 9.1035 0.5328
9.5204 7.5055 9.1089 0.5294
