4.2396 0.0100 0.3316 0.6854
5.3869 0.0100 0.4043 0.9354
5.3869 0.0100 0.4149 0.9370
5.3869 0.0100 0.4409 0.9434
5.3869 0.0100 0.4714 0.9562
5.3869 0.0100 0.4901 0.9654
5.3869 0.0100 0.5003 0.9657
5.3869 0.0100 0.5105 0.9659
5.3869 0.0100 0.5502 1.0242
5.3869 0.0100 0.5777 1.0421
5.3869 0.0100 0.5874 1.0413
5.3869 0.0100 0.5975 1.0504
5.3869 0.0100 0.6005 1.0521
5.3869 0.0100 0.6321 1.0606
5.3869 0.0100 0.6717 1.1096
5.3869 0.0100 0.6922 1.1067
5.3869 0.0100 0.7025 1.1051
5.3869 0.0100 0.7157 1.1169
5.3869 0.0100 0.7581 1.1687
5.3869 0.0100 0.7784 1.1731
5.3869 0.0100 0.7990 1.1684
5.3869 0.0100 0.7990 1.1684
5.3869 0.0100 0.8009 1.1672
5.3869 0.0100 0.8219 1.1623
5.3869 0.0100 0.8996 1.2333
5.3869 0.0100 0.9266 1.2282
5.3869 0.0100 0.9325 1.2343
5.3869 0.0100 0.9428 1.2308
6.2873 0.0100 1.0023 1.3445
6.2873 0.0100 1.0287 1.3377
6.2873 0.0100 1.0420 1.3341
6.2873 0.0100 1.0548 1.3395
6.2873 0.0100 1.0752 1.3312
6.2873 0.0100 1.1018 1.3362
6.2873 0.0100 1.1150 1.3318
6.2873 0.0100 1.1289 1.3272
6.2873 0.0100 1.1354 1.3279
6.2873 0.0100 1.1750 1.3529
6.2873 0.0100 1.2146 1.3761
6.2873 0.0100 1.2702 1.3901
6.2873 0.0100 1.2805 1.3845
6.2873 0.0100 1.2875 1.3865
6.2873 0.0100 1.3044 1.3940
6.2873 0.0100 1.3126 1.4025
6.2873 0.0100 1.3339 1.3988
6.2873 0.0100 1.3385 1.4025
6.2873 0.0100 1.3434 1.4026
6.2873 0.0100 1.3569 1.4061
6.2873 0.0100 1.3704 1.3996
6.2873 0.0100 1.4024 1.4046
6.2873 0.0100 1.4024 1.4046
6.2873 0.0100 1.4126 1.3982
6.2873 0.0100 1.4414 1.4255
6.2873 0.0100 1.4630 1.4306
6.2873 0.0100 1.4630 1.4306
6.2873 0.0100 1.4835 1.4169
6.2873 0.0100 1.4835 1.4169
6.2873 0.0100 1.5124 1.4423
6.2873 0.0100 1.5320 1.4571
6.2873 0.0100 1.5341 1.4565
6.2873 0.0100 1.5603 1.4525
6.2873 0.0100 1.5827 1.4660
6.2873 0.0100 1.6032 1.4509
6.2873 0.0100 1.6060 1.4502
6.2873 0.0100 1.6201 1.4414
6.2873 0.0100 1.6304 1.4336
6.2873 0.0100 1.6535 1.4650
6.2873 0.0100 1.6538 1.4649
6.2873 0.0100 1.6798 1.4768
6.2873 0.0100 1.7153 1.5107
6.2873 0.0100 1.7153 1.5107
6.3243 0.0100 1.7474 1.5484
6.3243 0.0100 1.7715 1.5400
6.3243 0.0100 1.7888 1.5448
6.3243 0.0100 1.7888 1.5448
6.3243 0.0100 1.8021 1.5678
6.3243 0.0100 1.8021 1.5678
6.3243 0.0100 1.8244 1.5870
6.3243 0.0100 1.8244 1.5870
6.3243 0.0100 1.8314 1.5902
6.3243 0.0100 1.8564 1.6015
6.3243 0.0100 1.8926 1.6004
6.3243 0.0100 1.8926 1.6004
6.3243 0.0100 1.9065 1.6085
6.3243 0.0100 1.9189 1.5986
6.3243 0.0100 1.9769 1.5826
6.3243 0.0100 2.0011 1.5708
6.3243 0.0100 2.0630 1.6025
6.3243 0.0100 2.0630 1.6025
6.3243 0.0100 2.0782 1.6127
6.3243 0.0100 2.0948 1.6008
6.3243 0.0100 2.1232 1.6069
6.3243 0.0100 2.1421 1.5931
6.3243 0.0100 2.1553 1.6109
6.3243 0.0100 2.1574 1.6096
6.3243 0.0100 2.1915 1.6514
6.3243 0.0100 2.1944 1.6496
6.3243 0.0100 2.2330 1.6432
6.3243 0.0100 2.2643 1.6255
6.3243 0.0100 2.2937 1.6350
6.3243 0.0100 2.3245 1.6588
6.3243 0.0100 2.3264 1.6607
6.3243 0.0100 2.3366 1.6495
6.3243 0.0100 2.3499 1.6360
6.3243 0.0100 2.3605 1.6309
6.3243 0.0100 2.3962 1.6470
6.3243 0.0100 2.4293 1.6590
6.3243 0.0100 2.4467 1.6580
6.6807 0.0100 2.4964 1.7233
6.6807 0.0100 2.5424 1.7177
6.6807 0.0100 2.5512 1.7285
6.6807 0.0100 2.5542 1.7284
6.6807 0.0100 2.5684 1.7235
6.6807 0.0100 2.5684 1.7235
6.6807 0.0100 2.5728 1.7209
6.6807 0.0100 2.5728 1.7209
6.6807 0.0100 2.5886 1.7167
6.6807 0.0100 2.6098 1.7240
6.6807 0.0100 2.6101 1.7238
6.6807 0.0100 2.6180 1.7318
6.6807 0.0100 2.6368 1.7222
6.6807 0.0100 2.6368 1.7222
6.6807 0.0100 2.6840 1.7422
6.6807 0.0100 2.7172 1.7825
6.6807 0.0100 2.7395 1.7613
6.6807 0.0100 2.7517 1.7734
6.6807 0.0100 2.7590 1.7679
6.6807 0.0100 2.7877 1.7449
6.6807 0.0100 2.7917 1.7525
6.6807 0.0100 2.7917 1.7525
6.6807 0.0100 2.8206 1.7614
6.6807 0.0100 2.8627 1.7441
6.6807 0.0100 2.8730 1.7302
6.6807 0.0100 2.8989 1.7246
6.6807 0.0100 2.9227 1.7586
6.6807 0.0100 2.9270 1.7624
6.6807 0.0100 2.9741 1.7446
6.6807 0.0100 2.9988 1.7448
6.6807 0.0100 2.9988 1.7448
6.6807 0.0100 3.0312 1.7381
6.6807 0.0100 3.0312 1.7381
7.4903 0.0100 3.0540 1.7783
7.4903 0.0100 3.0884 1.7722
7.4903 0.0100 3.1256 1.7887
7.4903 0.0100 3.1477 1.8185
7.4903 0.0100 3.1855 1.8287
7.4903 0.0100 3.1855 1.8287
7.4903 0.0100 3.2095 1.8188
7.4903 0.0100 3.2250 1.8298
7.4903 0.0100 3.2431 1.8412
7.4903 0.0100 3.2636 1.8359
7.4903 0.0100 3.2820 1.8385
7.4903 0.0100 3.2982 1.8257
7.4903 0.0100 3.3275 1.8569
7.4903 0.0100 3.3455 1.8744
7.4903 0.0100 3.4127 1.8744
7.4903 0.0100 3.4215 1.8653
7.4903 0.0100 3.4323 1.8710
7.4903 0.0100 3.4440 1.8789
7.4903 0.0100 3.4896 1.8753
7.4903 0.0100 3.5135 1.8811
7.4903 0.0100 3.5529 1.8702
7.4903 0.0100 3.5920 1.8363
7.4903 0.0100 3.6013 1.8494
7.4903 0.0100 3.6013 1.8494
7.4903 0.0100 3.6078 1.8434
7.4903 0.0100 3.6198 1.8493
7.4903 0.0100 3.6303 1.8375
7.4903 0.0100 3.6303 1.8375
7.4903 0.0100 3.6303 1.8375
7.4903 0.0100 3.6303 1.8375
7.4903 0.0100 3.6380 1.8418
7.4903 0.0100 3.6871 1.8098
7.4903 0.0100 3.6873 1.8099
7.4903 0.0100 3.7041 1.8219
7.4903 0.0100 3.7286 1.8460
7.4903 0.0100 3.7298 1.8479
7.4903 0.0100 3.7317 1.8492
7.4903 0.0100 3.7531 1.8301
7.4903 0.0100 3.7570 1.8333
7.4903 0.0100 3.7592 1.8348
7.4903 0.0100 3.7592 1.8348
7.4903 0.0100 3.7592 1.8348
7.4903 0.0100 3.7659 1.8379
7.4903 0.0100 3.8031 1.8587
7.4903 0.0100 3.8255 1.8817
7.4903 0.0100 3.8321 1.8789
7.4903 0.0100 3.8381 1.8839
7.4903 0.0100 3.8560 1.8962
7.4903 0.0100 3.8861 1.9009
7.4903 0.0100 3.8909 1.8984
7.4903 0.0100 3.9192 1.8925
7.4903 0.0100 3.9516 1.8944
7.4903 0.0100 3.9524 1.8933
7.4903 0.0100 3.9698 1.9102
7.4903 0.0100 3.9886 1.9003
7.4903 0.0100 4.0037 1.8844
7.4903 0.0100 4.0313 1.9031
7.4903 0.0100 4.0313 1.9031
7.4903 0.0100 4.0477 1.9096
7.4903 0.0100 4.0647 1.9265
7.4903 0.0100 4.0741 1.9245
7.4903 0.0100 4.0795 1.9278
7.4903 0.0100 4.1252 1.9136
7.4903 0.0100 4.1552 1.9059
7.4903 0.0100 4.1553 1.9059
7.4903 0.0100 4.1932 1.8953
7.4903 0.0100 4.2230 1.8906
7.4903 0.0100 4.2695 1.8687
7.4903 0.0100 4.2695 1.8687
7.4903 0.0100 4.3059 1.8408
7.4903 0.0100 4.3152 1.8383
7.4903 0.0100 4.3152 1.8383
7.4903 0.0100 4.3287 1.8520
7.4903 0.0100 4.3518 1.8656
7.4903 0.0100 4.3518 1.8656
7.4903 0.0100 4.4085 1.8511
7.4903 0.0100 4.4187 1.8579
7.4903 0.0100 4.4204 1.8572
7.4903 0.0100 4.4479 1.8695
7.4903 0.0100 4.4807 1.8354
7.4903 0.0100 4.5163 1.8443
7.4903 0.0100 4.5163 1.8443
7.4903 0.0100 4.5163 1.8443
7.4903 0.0100 4.5347 1.8286
7.4903 0.0100 4.5908 1.8064
7.4903 0.0100 4.6019 1.8031
7.4903 0.0100 4.6226 1.7775
7.4903 0.0166 4.6536 1.7168
7.4903 0.0166 4.7211 1.6883
7.4903 0.0166 4.7211 1.6883
7.4903 0.0166 4.7333 1.6834
7.4903 0.0166 4.7333 1.6834
7.4903 0.0166 4.7515 1.6734
7.4903 0.0166 4.7888 1.6387
7.4903 0.0166 4.7888 1.6387
7.4903 0.0166 4.8227 1.6163
7.4903 0.0166 4.8333 1.6191
7.4903 0.0166 4.9060 1.5567
7.4903 0.0166 4.9128 1.5632
7.4903 0.0166 4.9286 1.5734
7.4903 0.0166 4.9289 1.5736
7.4903 0.0166 4.9381 1.5811
7.4903 0.0166 4.9800 1.5760
7.4903 0.0166 5.0039 1.5822
7.4903 0.0166 5.0553 1.5605
7.4903 0.0166 5.0564 1.5592
7.4903 0.0166 5.0659 1.5666
7.4903 0.0166 5.0949 1.5730
7.4903 0.0166 5.0949 1.5730
7.4903 0.0166 5.1071 1.5799
7.4903 0.0166 5.1099 1.5790
7.4903 1.0369 5.1754 1.5003
7.4903 1.0369 5.1930 1.5098
7.4903 1.0369 5.1975 1.5137
7.4903 1.0369 5.2442 1.4884
7.4903 1.0369 5.2590 1.4769
7.4903 1.0369 5.2590 1.4769
7.4903 1.0369 5.2593 1.4771
7.4903 1.0369 5.2629 1.4689
7.4903 1.0369 5.2792 1.4610
7.4903 1.0369 5.2792 1.4610
7.5962 1.0369 5.2957 1.4823
7.5962 1.0369 5.3014 1.4813
7.5962 1.0369 5.3186 1.4887
7.5962 1.0369 5.3355 1.4781
7.5962 1.0369 5.3360 1.4781
7.5962 1.0369 5.3434 1.4834
7.5962 1.0369 5.3437 1.4837
7.5962 1.0369 5.3494 1.4895
7.5962 1.0369 5.3951 1.4252
7.5962 1.0369 5.4032 1.4265
7.5962 1.0369 5.4032 1.4265
7.5962 1.0369 5.4048 1.4266
7.5962 1.0369 5.4048 1.4266
7.5962 1.0369 5.4246 1.4193
7.5962 1.0369 5.4248 1.4194
7.5962 1.0369 5.4326 1.4110
7.5962 1.0369 5.4402 1.4155
7.5962 1.0369 5.4402 1.4155
7.5962 1.0369 5.4402 1.4155
7.5962 1.0369 5.4509 1.4219
7.5962 1.0369 5.4749 1.4225
7.5962 1.0369 5.4954 1.4316
7.5962 1.0369 5.4954 1.4316
7.5962 1.9123 5.5309 1.3630
7.5962 1.9123 5.5436 1.3678
7.5962 1.9123 5.5486 1.3741
7.5962 1.9123 5.5486 1.3741
7.5962 1.9123 5.5577 1.3797
7.5962 1.9123 5.5630 1.3744
7.5962 1.9123 5.5764 1.3749
7.5962 1.9123 5.5954 1.3762
7.5962 1.9123 5.5954 1.3762
7.5962 1.9123 5.5954 1.3762
7.5962 1.9123 5.6088 1.3785
7.5962 1.9123 5.6208 1.3817
7.5962 1.9123 5.6305 1.3860
7.9182 1.9123 5.6337 1.3910
7.9182 1.9123 5.6372 1.3941
7.9182 1.9123 5.6391 1.3928
7.9182 1.9123 5.6391 1.3928
7.9182 1.9123 5.6583 1.3927
7.9182 1.9123 5.6656 1.3765
7.9182 1.9123 5.6900 1.4012
7.9182 1.9123 5.7156 1.4133
7.9182 1.9123 5.7360 1.4136
7.9182 1.9123 5.7455 1.4225
7.9182 1.9123 5.7559 1.4023
7.9182 1.9123 5.7706 1.3996
7.9182 1.9123 5.7706 1.3996
7.9182 1.9123 5.7727 1.4026
7.9182 1.9123 5.7728 1.4025
8.4488 1.9123 5.7781 1.4116
8.4488 1.9123 5.7960 1.4120
8.4488 1.9123 5.8144 1.3803
8.4488 1.9123 5.8144 1.3803
8.4488 1.9123 5.8144 1.3803
8.4488 1.9123 5.8202 1.3830
8.4488 1.9123 5.8240 1.3777
8.4488 1.9123 5.8649 1.3999
8.4488 1.9123 5.8699 1.3951
8.4488 1.9123 5.8723 1.3982
8.4488 1.9123 5.9102 1.3698
8.4488 1.9123 5.9102 1.3698
8.4488 1.9123 5.9106 1.3697
8.4488 1.9123 5.9216 1.3796
8.4488 1.9123 5.9292 1.3724
8.4488 1.9123 5.9340 1.3763
8.4488 1.9123 5.9340 1.3763
8.4488 1.9123 5.9467 1.3653
8.4488 1.9123 5.9772 1.3657
8.4488 1.9123 5.9772 1.3657
8.4488 1.9123 5.9790 1.3665
8.4488 1.9123 6.0048 1.3679
8.4488 1.9123 6.0048 1.3679
8.4488 1.9123 6.0146 1.3753
8.4488 1.9123 6.0280 1.3840
8.4488 1.9123 6.0280 1.3840
8.4488 1.9123 6.0363 1.3802
8.4488 1.9123 6.0365 1.3803
8.4488 1.9123 6.0396 1.3821
8.4488 1.9123 6.0396 1.3821
8.4488 1.9123 6.0665 1.3839
8.4488 1.9123 6.0691 1.3871
8.4488 1.9123 6.0691 1.3871
8.4488 1.9123 6.0757 1.3919
8.4488 1.9123 6.0938 1.3947
8.4488 1.9123 6.0938 1.3947
8.4488 1.9123 6.1042 1.4053
8.4488 1.9123 6.1343 1.3915
8.4488 1.9123 6.1343 1.3915
8.4488 1.9123 6.1545 1.3997
8.4488 1.9123 6.1545 1.3997
8.4488 1.9123 6.1565 1.4018
8.4488 1.9123 6.1569 1.4020
8.4488 1.9123 6.1855 1.3842
8.4488 1.9123 6.2112 1.3686
8.4488 1.9123 6.2112 1.3686
8.4488 1.9123 6.2112 1.3686
8.4488 1.9123 6.2579 1.3047
8.4488 1.9123 6.2701 1.2857
8.4488 1.9123 6.2714 1.2872
8.4488 1.9123 6.2714 1.2872
8.4488 1.9123 6.2714 1.2872
8.4488 1.9123 6.2799 1.2931
8.4488 1.9123 6.3022 1.2952
8.4488 1.9123 6.3133 1.3035
8.4488 1.9123 6.3565 1.2981
8.4488 1.9123 6.3565 1.2981
8.4488 1.9123 6.3565 1.2981
8.4488 1.9123 6.3614 1.3005
8.4488 1.9123 6.3614 1.3005
8.4488 1.9123 6.3722 1.2949
8.4488 1.9123 6.4164 1.2946
8.4488 1.9123 6.4477 1.2889
8.4488 1.9123 6.4477 1.2889
8.4488 1.9123 6.4494 1.2893
8.4488 1.9123 6.4651 1.2974
8.4488 1.9123 6.4651 1.2974
8.4488 1.9123 6.4651 1.2974
8.4488 1.9123 6.4838 1.2954
8.4488 1.9123 6.4838 1.2955
8.4488 1.9123 6.4866 1.2986
8.4488 1.9123 6.4866 1.2986
8.4488 1.9123 6.4876 1.2980
8.4488 1.9123 6.5177 1.2545
8.4488 1.9123 6.5201 1.2552
8.4488 1.9123 6.5272 1.2555
8.4488 1.9123 6.5668 1.2037
8.4488 1.9123 6.5811 1.2158
8.4488 1.9123 6.6090 1.2094
8.4488 1.9123 6.6125 1.2091
8.4488 1.9123 6.6125 1.2091
8.4488 1.9123 6.6284 1.2177
8.4488 1.9123 6.6402 1.2135
8.4488 1.9123 6.6558 1.2239
8.4488 1.9123 6.6596 1.2214
8.4488 1.9123 6.6596 1.2214
8.4488 1.9123 6.6820 1.2168
8.4488 1.9123 6.6948 1.1757
8.4488 1.9123 6.6948 1.1757
8.4488 1.9123 6.7192 1.1583
8.4488 1.9123 6.7277 1.1612
8.4488 1.9123 6.7324 1.1653
8.4488 1.9123 6.7343 1.1663
8.4488 1.9123 6.7343 1.1663
8.4488 1.9123 6.7594 1.1405
8.4488 1.9123 6.7644 1.1448
8.4488 1.9123 6.7647 1.1447
8.4488 1.9123 6.7717 1.1482
8.4488 1.9123 6.7834 1.1563
8.4488 1.9123 6.7834 1.1563
8.4488 1.9123 6.7834 1.1563
8.4488 1.9123 6.7918 1.1524
8.4488 1.9123 6.7918 1.1524
8.4488 1.9123 6.8016 1.1560
8.4488 1.9123 6.8033 1.1580
8.4488 3.0564 6.8518 1.0485
8.4488 3.0564 6.8719 1.0544
8.4488 3.0564 6.8817 1.0577
8.4488 3.0564 6.8835 1.0578
8.4488 3.0564 6.8845 1.0576
8.4488 3.0564 6.8980 1.0457
8.4488 3.0564 6.9029 1.0513
8.4488 3.0564 6.9029 1.0513
8.4488 3.0564 6.9104 1.0528
8.4488 3.0564 6.9184 1.0535
8.4488 3.0564 6.9184 1.0535
8.4488 3.0564 6.9185 1.0534
8.4488 3.0564 6.9356 1.0472
8.4488 3.0564 6.9356 1.0472
8.4488 3.0564 6.9481 1.0507
8.4488 3.0564 6.9834 0.9919
8.4488 3.0564 6.9897 0.9879
8.4488 3.0564 6.9978 0.9887
8.4488 3.0564 7.0013 0.9918
8.4488 3.0564 7.0083 0.9926
8.4488 3.0564 7.0083 0.9926
8.4488 3.0564 7.0083 0.9926
8.4488 3.0564 7.0178 0.9956
8.4488 3.0564 7.0178 0.9956
8.4488 3.0564 7.0178 0.9956
8.4488 3.0564 7.0178 0.9956
8.4488 3.0564 7.0291 0.9989
8.4488 3.0564 7.0515 0.9868
8.4488 3.0564 7.0559 0.9880
8.4488 3.0564 7.0559 0.9880
8.4488 3.0564 7.0562 0.9880
8.4488 3.0564 7.0678 0.9930
8.4488 3.0564 7.0687 0.9926
8.4488 3.0564 7.0729 0.9944
8.4488 3.0564 7.0729 0.9944
8.4488 3.0564 7.0729 0.9944
8.4488 3.0564 7.0734 0.9942
8.4488 3.0564 7.0738 0.9945
8.4488 3.0564 7.0801 0.9985
8.4488 3.0564 7.0892 1.0001
8.4488 3.0564 7.0892 1.0001
8.4488 3.0564 7.0910 0.9997
8.4488 3.0564 7.0980 0.9998
8.4488 3.0564 7.1083 0.9967
8.4488 3.0564 7.1083 0.9967
8.4488 3.0564 7.1083 0.9967
8.4488 3.0564 7.1101 0.9979
8.4488 3.0564 7.1131 0.9972
8.4488 3.0564 7.1142 0.9968
8.4488 3.0564 7.1142 0.9968
8.4488 3.0564 7.1329 0.9862
8.4488 3.0564 7.1511 0.9663
8.4488 3.0564 7.1511 0.9663
8.4488 3.0564 7.1530 0.9682
8.4488 3.0564 7.1769 0.9257
8.4488 3.0564 7.1849 0.9248
8.4488 3.0564 7.1927 0.9257
8.4488 3.0564 7.2047 0.9265
8.4488 3.0564 7.2047 0.9265
8.4488 3.0564 7.2047 0.9265
8.4488 3.0564 7.2047 0.9265
8.4488 3.0564 7.2140 0.9340
8.4488 3.0564 7.2140 0.9340
8.4488 3.0564 7.2140 0.9340
8.4488 3.0564 7.2140 0.9340
8.4488 3.0564 7.2140 0.9340
8.4488 3.0564 7.2140 0.9340
8.4488 3.0564 7.2140 0.9340
8.4488 3.0564 7.2148 0.9343
8.4488 3.0564 7.2202 0.9342
8.4488 3.0564 7.2202 0.9342
8.4488 3.0564 7.2278 0.9349
8.4488 3.0564 7.2278 0.9349
8.4488 3.0564 7.2293 0.9347
8.4488 3.0564 7.2432 0.9094
8.4488 3.0564 7.2432 0.9094
8.4488 3.0564 7.2554 0.9094
8.4488 3.0564 7.2562 0.9103
8.4488 3.0564 7.2562 0.9103
8.4488 3.0564 7.2562 0.9103
8.4488 3.0564 7.2668 0.9134
8.4488 3.0564 7.2670 0.9134
