0.2965 0.0037 0.0282 0.0478
1.1014 0.0037 0.0497 0.1576
1.1014 0.0037 0.0505 0.1576
1.1014 0.0037 0.0524 0.1582
1.1014 0.0037 0.0576 0.1642
1.1014 0.0037 0.0593 0.1646
1.1014 0.0037 0.0599 0.1645
1.1014 0.0037 0.0606 0.1644
1.1014 0.0037 0.0616 0.1644
1.1014 0.0037 0.0754 0.1887
1.1014 0.0037 0.0764 0.1886
1.1014 0.0037 0.0802 0.1924
1.1014 0.0037 0.0856 0.1946
1.1014 0.0037 0.0862 0.1944
1.1014 0.0037 0.0873 0.1943
1.1014 0.0037 0.0881 0.1941
1.1014 0.0037 0.0982 0.2137
1.1014 0.0037 0.0990 0.2135
1.1014 0.0037 0.1013 0.2134
1.1014 0.0037 0.1024 0.2132
1.1014 0.0037 0.1030 0.2131
1.1014 0.0037 0.1069 0.2148
1.1014 0.0037 0.1075 0.2146
1.1014 0.0037 0.1100 0.2146
1.1014 0.0037 0.1153 0.2180
1.1014 0.0037 0.1161 0.2177
1.5894 0.0037 0.1318 0.2622
1.5894 0.0037 0.1333 0.2619
1.5894 0.0037 0.1345 0.2624
2.1405 0.0037 0.1541 0.3297
2.1405 0.0037 0.1575 0.3319
2.1405 0.0037 0.1582 0.3316
2.1405 0.0037 0.1666 0.3383
2.1405 0.0037 0.1666 0.3383
2.1405 0.0037 0.1702 0.3403
2.1405 0.0037 0.1865 0.3528
2.1405 0.0037 0.1877 0.3548
2.1405 0.0037 0.1899 0.3544
2.1405 0.0037 0.1915 0.3551
2.1405 0.0037 0.1935 0.3551
2.1405 0.0037 0.1978 0.3623
2.1405 0.0037 0.1984 0.3621
2.1405 0.0037 0.1997 0.3615
2.1405 0.0037 0.2025 0.3611
2.1405 0.0037 0.2146 0.3740
2.1405 0.0037 0.2157 0.3736
2.1405 0.0037 0.2162 0.3734
2.1405 0.0037 0.2162 0.3734
2.1405 0.0037 0.2333 0.3989
2.1405 0.0037 0.2343 0.3985
2.1405 0.0037 0.2415 0.4017
2.1405 0.0037 0.2422 0.4014
2.1405 0.0037 0.2434 0.4008
2.1405 0.0037 0.2461 0.4001
2.1405 0.0037 0.2473 0.3996
2.1405 0.0037 0.2473 0.3996
2.1405 0.0037 0.2527 0.3990
2.1405 0.0037 0.2534 0.3987
2.1405 0.0037 0.2535 0.3987
2.1405 0.0037 0.2547 0.3980
2.1405 0.0037 0.2547 0.3980
2.1405 0.0037 0.2663 0.4084
2.1405 0.0037 0.2681 0.4081
2.1405 0.0037 0.2792 0.4158
2.1405 0.0037 0.2802 0.4154
2.1405 0.0037 0.2864 0.4160
2.1405 0.0037 0.2864 0.4160
2.1405 0.0037 0.2871 0.4156
2.1405 0.0037 0.2945 0.4186
2.1405 0.0037 0.2973 0.4176
2.1405 0.0037 0.3002 0.4166
2.1405 0.0037 0.3080 0.4189
2.1405 0.0037 0.3087 0.4185
2.1405 0.0037 0.3087 0.4185
2.1405 0.0037 0.3120 0.4206
2.1405 0.0037 0.3176 0.4272
2.1405 0.0037 0.3182 0.4273
2.1405 0.0037 0.3187 0.4270
2.1405 0.0037 0.3207 0.4260
2.1405 0.0037 0.3229 0.4253
2.1405 0.0037 0.3332 0.4301
2.1405 0.0071 0.3345 0.4293
2.1405 0.0071 0.3345 0.4293
2.1405 0.0071 0.3455 0.4350
2.1405 0.0071 0.3507 0.4347
2.1405 0.0071 0.3552 0.4342
2.1405 0.0071 0.3564 0.4335
2.1405 0.0071 0.3575 0.4332
2.1405 0.0071 0.3581 0.4327
2.1405 0.0071 0.3617 0.4342
2.1405 0.0071 0.3646 0.4328
2.1405 0.0071 0.3711 0.4323
2.1405 0.0071 0.3719 0.4318
2.1405 0.0071 0.3915 0.4658
2.1405 0.0071 0.4140 0.4752
2.1405 0.0071 0.4234 0.4721
2.1405 0.0071 0.4350 0.4761
2.1405 0.0071 0.4360 0.4753
2.1405 0.0071 0.4434 0.4744
2.1405 0.0071 0.4518 0.4742
2.1405 0.0071 0.4703 0.5028
2.1405 0.0071 0.4709 0.5027
2.1405 0.0071 0.4715 0.5022
2.1405 0.0071 0.4721 0.5016
2.1405 0.0071 0.4754 0.5019
2.1405 0.0071 0.4882 0.5070
2.1405 0.0071 0.4947 0.5052
2.1405 0.0071 0.5102 0.5134
2.1405 0.0071 0.5135 0.5121
2.1405 0.0071 0.5135 0.5121
2.1405 0.0071 0.5259 0.5189
2.1405 0.0071 0.5261 0.5189
2.1405 0.0071 0.5261 0.5189
2.1405 0.0071 0.5373 0.5238
2.1405 0.0071 0.5497 0.5273
2.1405 0.0071 0.5578 0.5261
2.1405 0.0071 0.5621 0.5289
2.1405 0.0071 0.5803 0.5502
2.1405 0.0071 0.5931 0.5709
2.1405 0.0071 0.5942 0.5699
2.1405 0.0071 0.5946 0.5700
2.1405 0.0071 0.6017 0.5704
2.1405 0.0071 0.6018 0.5703
2.1405 0.0071 0.6201 0.5894
2.1405 0.0071 0.6215 0.5883
2.1405 0.0071 0.6243 0.5860
2.1405 0.0071 0.6350 0.5865
2.1405 0.0071 0.6408 0.5884
2.1405 0.0071 0.6512 0.5874
2.1405 0.0071 0.6546 0.5851
2.1405 0.0071 0.6611 0.5828
2.1405 0.0071 0.6660 0.5880
2.1405 0.0071 0.6743 0.5854
2.1405 0.0100 0.6956 0.5994
2.1405 0.0100 0.7045 0.5999
2.1405 0.0100 0.7186 0.6068
2.1405 0.0100 0.7202 0.6052
2.1405 0.0100 0.7313 0.6023
2.1405 0.0100 0.7313 0.6023
2.1405 0.0100 0.7341 0.6018
2.1405 0.0100 0.7416 0.6010
2.1405 0.0100 0.7490 0.6015
2.1405 0.0100 0.7599 0.5990
2.1405 0.0100 0.7656 0.6057
2.1405 0.0100 0.7697 0.6019
2.1405 0.0100 0.7768 0.5985
2.1405 0.0100 0.7769 0.5985
2.1405 0.0100 0.7849 0.5972
2.1405 0.0100 0.7849 0.5972
2.1405 0.0100 0.7853 0.5968
2.1405 0.0100 0.7946 0.6038
2.1405 0.0100 0.7947 0.6037
2.1405 0.0100 0.8139 0.6165
2.1405 0.0100 0.8182 0.6173
2.1405 0.0100 0.8356 0.6248
2.1405 0.0100 0.8368 0.6248
2.1405 0.0100 0.8479 0.6209
2.1405 0.0100 0.8576 0.6163
2.1405 0.0100 0.8580 0.6157
2.1405 0.0100 0.8631 0.6171
2.1845 0.0100 0.8635 0.6181
2.1845 0.0100 0.8710 0.6134
2.1845 0.0100 0.8821 0.6089
2.1845 0.0100 0.8889 0.6084
2.1845 0.0100 0.8906 0.6116
2.1845 0.0100 0.9011 0.6064
2.1845 0.0100 0.9121 0.6154
2.1845 0.0100 0.9146 0.6126
2.1845 0.0100 0.9169 0.6099
2.1845 0.0100 0.9288 0.6059
2.1845 0.0100 0.9288 0.6059
2.1845 0.0100 0.9347 0.6080
2.1845 0.0100 0.9354 0.6071
2.1845 0.0100 0.9369 0.6052
2.1845 0.0100 0.9489 0.6007
2.1845 0.0100 0.9506 0.6012
2.1845 0.0100 0.9607 0.5960
2.1845 0.0100 0.9625 0.5966
2.1845 0.0100 0.9641 0.5968
2.1845 0.0100 0.9641 0.5968
2.1845 0.0100 0.9651 0.5971
2.1845 0.0100 0.9663 0.5979
2.1845 0.0100 0.9663 0.5979
2.1845 0.0100 0.9753 0.5945
2.1845 0.0100 0.9943 0.6011
2.1845 0.0100 1.0036 0.5965
2.1845 0.0100 1.0075 0.5980
2.1845 0.0100 1.0212 0.5922
2.1845 0.0100 1.0387 0.5909
2.1845 0.0100 1.0387 0.5909
2.1845 0.0100 1.0415 0.5921
2.1845 0.0100 1.0436 0.5904
2.1845 0.0100 1.0456 0.5934
2.1845 0.0100 1.0534 0.5994
2.1845 0.0100 1.0601 0.5985
2.1845 0.0100 1.0807 0.5996
2.1845 0.0100 1.0911 0.5909
2.1845 0.0100 1.0911 0.5909
2.1845 0.0100 1.0920 0.5899
2.1845 0.0100 1.0931 0.5899
2.1845 0.0100 1.0931 0.5899
2.1845 0.0100 1.0936 0.5900
2.1845 0.0100 1.1173 0.6033
2.1845 0.0100 1.1219 0.6053
2.1845 0.0100 1.1295 0.6109
2.1845 0.0100 1.1322 0.6147
2.1845 0.0100 1.1533 0.6142
2.1845 0.0100 1.1603 0.6102
2.1845 0.0100 1.1716 0.6113
2.1845 0.0100 1.1804 0.6050
2.1845 0.0100 1.1804 0.6050
2.1845 0.0100 1.1879 0.6002
2.1845 0.0100 1.2009 0.5885
2.1845 0.0100 1.2101 0.5941
2.1845 0.0100 1.2133 0.5948
2.1845 0.0100 1.2178 0.5905
2.1845 0.0100 1.2178 0.5905
2.1845 0.0100 1.2216 0.5910
2.1845 0.0100 1.2219 0.5910
2.2098 0.0100 1.2324 0.5991
2.2098 0.0100 1.2324 0.5991
2.2098 0.0100 1.2424 0.6064
2.2098 0.0100 1.2424 0.6064
2.2098 0.0100 1.2438 0.6064
2.2098 0.0100 1.2540 0.6039
2.2098 0.0100 1.2547 0.6048
2.2098 0.0100 1.2589 0.6062
2.2098 0.0100 1.2700 0.6087
2.2098 0.0100 1.2774 0.6136
2.2098 0.0100 1.2805 0.6140
2.2098 0.0100 1.2815 0.6142
2.2098 0.0100 1.2900 0.6200
2.2098 0.0100 1.3065 0.6155
2.2098 0.0100 1.3127 0.6111
2.2098 0.0100 1.3210 0.6165
2.2098 0.0100 1.3241 0.6168
2.2098 0.0100 1.3241 0.6168
2.2098 0.0100 1.3349 0.6065
2.2098 0.0100 1.3350 0.6066
2.2098 0.0100 1.3352 0.6066
2.2098 0.0100 1.3437 0.5954
2.2098 0.0100 1.3437 0.5954
2.2098 0.0100 1.3499 0.6004
2.2098 0.0100 1.3580 0.6054
2.2098 0.0100 1.3688 0.5996
2.2098 0.0100 1.3715 0.5980
2.2098 0.0100 1.3721 0.5977
2.2098 0.0100 1.3814 0.6021
2.2098 0.0100 1.3815 0.6021
2.2098 0.0100 1.3889 0.6046
2.2098 0.0100 1.4011 0.6070
2.2098 0.0100 1.4031 0.6074
2.2098 0.0100 1.4031 0.6074
2.2098 0.0100 1.4108 0.6039
2.2098 0.0100 1.4176 0.5968
2.2098 0.0100 1.4176 0.5967
2.2098 0.0100 1.4287 0.5817
2.2098 0.0719 1.4464 0.5648
2.2098 0.0719 1.4464 0.5648
2.2098 0.0719 1.4464 0.5648
2.2098 0.0719 1.4497 0.5638
2.2098 0.0719 1.4546 0.5630
2.2098 0.0719 1.4551 0.5636
2.2098 0.0719 1.4558 0.5644
2.2098 0.0719 1.4760 0.5520
2.2098 0.0719 1.4864 0.5350
2.2098 0.0719 1.4921 0.5343
2.2098 0.0719 1.4966 0.5334
2.2098 0.0719 1.5052 0.5349
2.2098 0.0719 1.5096 0.5374
2.2098 0.0719 1.5107 0.5386
2.2098 0.0719 1.5165 0.5410
2.2098 0.0719 1.5189 0.5383
2.2098 0.0719 1.5195 0.5369
2.2098 0.0719 1.5278 0.5401
2.2098 0.0719 1.5324 0.5388
2.2098 0.0719 1.5367 0.5405
2.2098 0.0719 1.5367 0.5405
2.2098 0.0719 1.5462 0.5425
2.2098 0.0719 1.5651 0.5241
2.2098 0.0719 1.5651 0.5241
2.2098 0.0719 1.5655 0.5237
2.2098 0.0719 1.5781 0.5218
2.2098 0.0719 1.5907 0.5075
2.2098 0.0719 1.5962 0.5004
2.2098 0.0719 1.5990 0.5017
2.2098 0.0719 1.5990 0.5017
2.2098 0.0719 1.6019 0.5023
2.2098 0.0719 1.6199 0.4894
2.2098 0.0719 1.6309 0.4849
2.2098 0.0719 1.6403 0.4798
2.2098 0.0719 1.6519 0.4750
2.2098 0.0719 1.6702 0.4507
2.2098 0.0719 1.6795 0.4487
2.2098 0.0719 1.6818 0.4489
2.2098 0.0719 1.6903 0.4459
2.2098 0.0719 1.6903 0.4459
2.2098 0.0719 1.6908 0.4459
2.2175 0.0719 1.6933 0.4482
2.2175 0.0719 1.6985 0.4451
2.2175 0.0719 1.6985 0.4451
2.2175 0.0719 1.6985 0.4451
2.2175 0.0719 1.7019 0.4458
2.2175 0.0719 1.7019 0.4458
2.2175 0.0719 1.7019 0.4458
2.2175 0.0719 1.7027 0.4463
2.2175 0.0719 1.7027 0.4463
2.2175 0.0719 1.7027 0.4463
2.2175 0.0719 1.7027 0.4463
2.2175 0.0719 1.7084 0.4424
2.2175 0.1827 1.7203 0.4133
2.2175 0.1827 1.7220 0.4146
2.2175 0.1827 1.7277 0.4163
2.2175 0.1827 1.7323 0.4186
2.2175 0.1827 1.7364 0.4153
2.2175 0.1827 1.7364 0.4153
2.2175 0.1827 1.7450 0.4125
2.2175 0.1827 1.7468 0.4139
2.2175 0.1827 1.7575 0.4112
2.2175 0.1827 1.7649 0.4131
2.2175 0.1827 1.7649 0.4131
2.2175 0.1827 1.7753 0.4063
2.2175 0.1827 1.7856 0.4034
2.2175 0.1827 1.7856 0.4034
2.2175 0.1827 1.7860 0.4038
2.2175 0.1827 1.7860 0.4038
2.2175 0.1827 1.7861 0.4039
2.2175 0.1827 1.7875 0.4015
2.2175 0.1827 1.7881 0.4012
2.2175 0.9027 1.8011 0.3687
2.2175 0.9027 1.8011 0.3687
2.2175 0.9027 1.8021 0.3695
2.2175 0.9027 1.8124 0.3645
2.2175 0.9027 1.8194 0.3640
2.2175 0.9027 1.8194 0.3640
2.2175 0.9027 1.8194 0.3640
2.2175 0.9027 1.8250 0.3650
2.2175 0.9027 1.8250 0.3650
2.2175 0.9027 1.8250 0.3650
2.2175 0.9027 1.8270 0.3644
2.2175 0.9027 1.8270 0.3644
2.2175 0.9027 1.8286 0.3654
2.2175 0.9027 1.8307 0.3655
2.2175 0.9027 1.8313 0.3660
2.2175 0.9027 1.8382 0.3651
2.2175 0.9027 1.8386 0.3654
2.2175 0.9027 1.8392 0.3650
2.2175 0.9027 1.8394 0.3651
2.2175 0.9027 1.8394 0.3651
2.2175 0.9027 1.8427 0.3653
2.2175 0.9027 1.8454 0.3651
2.2175 0.9027 1.8471 0.3661
2.2175 0.9027 1.8471 0.3661
2.2175 0.9027 1.8471 0.3661
2.2955 0.9027 1.8498 0.3689
2.2955 0.9027 1.8605 0.3628
2.2955 0.9027 1.8623 0.3637
2.2955 0.9027 1.8689 0.3570
2.2955 0.9027 1.8720 0.3580
2.2955 0.9027 1.8723 0.3583
2.2955 0.9027 1.8723 0.3583
2.2955 0.9027 1.8807 0.3520
2.2955 0.9027 1.8915 0.3462
2.2955 0.9027 1.8917 0.3463
2.2955 0.9027 1.8918 0.3463
2.3369 0.9027 1.8949 0.3487
2.3369 0.9027 1.8949 0.3487
2.3369 0.9027 1.8949 0.3487
2.3369 0.9027 1.9003 0.3465
2.3369 0.9027 1.9092 0.3414
2.3369 0.9027 1.9119 0.3400
2.3369 0.9027 1.9212 0.3355
2.3369 0.9027 1.9312 0.3272
2.3369 0.9027 1.9312 0.3272
2.3369 0.9027 1.9312 0.3272
2.3369 0.9027 1.9314 0.3273
2.3369 0.9027 1.9314 0.3273
2.3369 0.9027 1.9334 0.3274
2.3369 0.9027 1.9334 0.3274
2.3369 0.9027 1.9359 0.3266
2.3369 0.9027 1.9359 0.3266
2.3369 0.9027 1.9362 0.3268
2.3369 0.9027 1.9362 0.3268
2.3369 0.9027 1.9362 0.3268
2.3369 0.9027 1.9459 0.3184
2.3369 1.0818 1.9583 0.3012
2.3804 1.0818 1.9661 0.3019
2.3804 1.0818 1.9671 0.3023
2.3804 1.0818 1.9678 0.3023
2.3804 1.0818 1.9726 0.2933
2.3804 1.0818 1.9727 0.2934
2.3804 1.0818 1.9727 0.2934
2.3804 1.0818 1.9727 0.2934
2.3804 1.0818 1.9797 0.2899
2.3804 1.0818 1.9802 0.2903
2.3804 1.0818 1.9854 0.2884
2.3804 1.0818 1.9866 0.2886
2.3804 1.0818 1.9876 0.2889
2.3804 1.0818 1.9926 0.2871
2.3804 1.0818 1.9999 0.2767
2.3804 1.0818 1.9999 0.2766
2.3804 1.0818 2.0069 0.2711
2.3804 1.0818 2.0115 0.2695
2.3804 1.0818 2.0211 0.2561
2.3804 1.0818 2.0290 0.2415
2.3804 1.0818 2.0290 0.2415
2.3804 1.0818 2.0293 0.2417
2.3804 1.0818 2.0346 0.2385
2.3804 1.0818 2.0423 0.2307
2.3804 1.0818 2.0425 0.2308
2.3804 1.0818 2.0428 0.2310
2.3804 1.0818 2.0460 0.2300
2.3804 1.0818 2.0461 0.2301
2.3804 1.0818 2.0466 0.2300
2.3804 1.0818 2.0477 0.2302
2.3804 1.0818 2.0478 0.2302
2.3804 1.0818 2.0478 0.2302
2.3804 1.0818 2.0478 0.2302
2.3804 1.0818 2.0478 0.2302
2.3804 1.0818 2.0487 0.2307
2.3804 1.0818 2.0489 0.2308
2.3804 1.0818 2.0489 0.2308
2.3804 1.0818 2.0489 0.2308
2.3804 1.0818 2.0489 0.2308
2.5614 1.0818 2.0555 0.2395
2.5614 1.1634 2.0665 0.2189
2.5614 1.1634 2.0665 0.2190
2.5614 1.1634 2.0665 0.2190
2.5614 1.1634 2.0677 0.2194
2.5614 1.1634 2.0696 0.2192
2.5614 1.1634 2.0707 0.2193
2.5614 1.1634 2.0718 0.2193
2.5614 1.1634 2.0718 0.2193
2.5614 1.1634 2.0720 0.2194
2.5614 1.1634 2.0722 0.2195
2.5614 1.1634 2.0739 0.2198
2.5614 1.1634 2.0757 0.2196
2.5614 1.1634 2.0763 0.2198
2.5614 1.1634 2.0764 0.2198
2.5614 1.1634 2.0766 0.2199
2.5614 1.1634 2.0768 0.2200
2.5614 1.1634 2.0771 0.2201
2.5614 1.1634 2.0790 0.2199
2.5614 1.1634 2.0799 0.2199
2.5614 1.1634 2.0802 0.2200
2.5614 1.1634 2.0802 0.2200
2.5614 1.1634 2.0816 0.2201
2.5614 1.1634 2.0831 0.2189
2.5614 1.1634 2.0838 0.2192
2.5614 1.1634 2.0848 0.2192
2.5614 1.1634 2.0848 0.2192
2.5614 1.1634 2.0850 0.2193
2.5614 1.1634 2.0861 0.2193
2.5614 1.1634 2.0862 0.2193
2.5614 1.1634 2.0863 0.2194
2.5614 1.1634 2.0866 0.2195
2.5614 1.1634 2.0874 0.2198
2.5614 1.1634 2.0923 0.2153
2.5614 1.1634 2.0941 0.2167
2.5614 1.1634 2.0945 0.2168
2.5614 1.1634 2.0945 0.2168
2.5614 1.1634 2.0973 0.2155
2.5614 1.1634 2.0985 0.2151
2.5614 1.1634 2.1068 0.2002
2.5614 1.1634 2.1070 0.2003
2.5614 1.1634 2.1087 0.2004
2.5614 1.1634 2.1110 0.1992
2.5614 1.1634 2.1112 0.1992
2.5614 1.1634 2.1133 0.1995
2.5614 1.1634 2.1133 0.1995
2.5614 1.1634 2.1139 0.1997
2.5614 1.1634 2.1146 0.2001
2.5614 1.1634 2.1231 0.1769
2.5614 1.1634 2.1245 0.1776
2.5614 1.1634 2.1245 0.1776
2.5614 1.1634 2.1264 0.1770
2.5614 1.1634 2.1264 0.1770
2.5614 1.1634 2.1275 0.1775
2.5614 1.1634 2.1275 0.1775
2.5614 1.1634 2.1275 0.1775
2.5614 1.1634 2.1294 0.1785
2.5614 1.1634 2.1299 0.1786
2.5614 1.1634 2.1299 0.1786
2.5614 1.1634 2.1315 0.1785
2.5614 1.1634 2.1315 0.1785
2.5614 1.1634 2.1319 0.1785
2.5614 1.1634 2.1319 0.1785
2.5614 1.1634 2.1353 0.1765
2.5614 1.1634 2.1353 0.1765
2.5614 1.1634 2.1353 0.1765
2.5614 1.1634 2.1356 0.1766
2.5614 1.1634 2.1356 0.1766
2.5614 1.1634 2.1356 0.1766
2.5614 1.5246 2.1455 0.1472
2.5614 1.5246 2.1455 0.1472
2.5614 1.5246 2.1469 0.1477
2.5614 1.5246 2.1469 0.1477
2.5614 1.5246 2.1490 0.1465
2.5614 1.5246 2.1499 0.1478
2.5614 1.5246 2.1502 0.1478
