4.3436 0.0100 0.1850 0.5349
4.3436 0.0100 0.2295 0.6089
4.3436 0.0100 0.2296 0.6088
4.3436 0.0100 0.2461 0.6253
4.3436 0.0100 0.2564 0.6298
4.3436 0.0100 0.2564 0.6298
4.3436 0.0100 0.2808 0.6440
4.3436 0.0100 0.2951 0.6541
4.3436 0.0100 0.2992 0.6530
4.3436 0.0100 0.2993 0.6530
4.3436 0.0100 0.3171 0.6578
4.3436 0.0100 0.3416 0.6722
4.3436 0.0100 0.3548 0.6786
4.3436 0.0100 0.3650 0.6811
4.3436 0.0100 0.3812 0.6826
4.3436 0.0100 0.4023 0.6871
4.3436 0.0100 0.4192 0.6994
4.3436 0.0100 0.4319 0.7034
4.3436 0.0100 0.4470 0.7105
4.3436 0.0100 0.4470 0.7104
4.3436 0.0100 0.4723 0.7310
4.3436 0.0100 0.4873 0.7368
4.3436 0.0100 0.5086 0.7381
4.5809 0.0100 0.5999 0.9291
4.5809 0.0100 0.6738 1.0242
4.8004 0.0100 0.7320 1.0993
4.8004 0.0100 0.7419 1.0975
4.8004 0.0100 0.7669 1.1318
4.8004 0.0100 0.7778 1.1306
4.8004 0.0100 0.7981 1.1259
4.8004 0.0100 0.8528 1.1598
4.8004 0.0100 0.8627 1.1622
4.8004 0.0100 0.9084 1.2163
4.9285 0.0100 0.9526 1.2849
4.9285 0.0100 0.9584 1.2867
4.9285 0.0100 0.9815 1.2798
4.9285 0.0100 1.0272 1.3251
5.6784 0.0100 1.0462 1.3488
5.6784 0.0100 1.0589 1.3446
5.6784 0.0100 1.0799 1.3362
5.6784 0.0100 1.1004 1.3274
5.6784 0.0100 1.1107 1.3229
5.6784 0.0100 1.1209 1.3184
5.6784 0.0100 1.1396 1.3282
5.6784 0.0100 1.1604 1.3185
5.6784 0.0100 1.2160 1.3276
5.6784 0.0100 1.2160 1.3276
5.6784 0.0100 1.2537 1.3461
5.6784 0.0100 1.2594 1.3458
5.6784 0.0100 1.2803 1.3426
5.6784 0.0100 1.3042 1.3395
5.6784 0.0100 1.3070 1.3401
5.6784 0.0100 1.3304 1.3378
5.6784 0.0100 1.3821 1.3848
5.6784 0.0100 1.4138 1.4361
5.6784 0.0100 1.4403 1.4221
5.6784 0.0100 1.4433 1.4215
5.6784 0.0100 1.4682 1.4358
5.6784 0.0100 1.4998 1.4302
5.6784 0.0100 1.5016 1.4308
5.6784 0.0100 1.5056 1.4300
5.6784 0.0100 1.5381 1.4623
5.6784 0.0100 1.5637 1.4552
5.6784 0.0100 1.5730 1.4548
5.6784 0.0100 1.5860 1.4568
5.6784 0.0100 1.6009 1.4587
5.6784 0.0100 1.6245 1.5016
5.6784 0.0100 1.6409 1.4925
5.6784 0.0100 1.6599 1.4836
5.6784 0.0100 1.6706 1.4755
5.6784 0.0100 1.7162 1.4941
5.6784 0.0100 1.7265 1.4859
6.8914 0.0100 1.7816 1.5724
6.8914 0.0100 1.8183 1.5735
6.8914 0.0100 1.8600 1.5803
6.8914 0.0100 1.9305 1.6355
6.8914 0.0100 1.9617 1.6483
6.8914 0.0100 1.9941 1.6675
6.8914 0.0100 1.9988 1.6681
6.8914 0.0100 1.9988 1.6681
6.8914 0.0100 2.0090 1.6677
6.8914 0.0100 2.0427 1.6817
6.8914 0.0100 2.0955 1.7315
6.8914 0.0100 2.1092 1.7203
6.8914 0.0100 2.1516 1.7449
6.8914 0.0100 2.1522 1.7446
6.8914 0.0100 2.2383 1.8133
6.8914 0.0100 2.2890 1.8212
6.8914 0.0100 2.2963 1.8281
6.8914 0.0100 2.3169 1.8452
6.8914 0.0100 2.3199 1.8433
6.8914 0.0100 2.3404 1.8232
6.8914 0.0100 2.3839 1.8684
6.8914 0.0100 2.4016 1.8641
6.8914 0.0100 2.4510 1.8656
6.8914 0.0100 2.5116 1.9182
6.8914 0.0100 2.5116 1.9182
6.8914 0.0100 2.5584 1.9387
6.8914 0.0100 2.5681 1.9398
6.8914 0.0100 2.5746 1.9368
6.8914 0.0100 2.5751 1.9375
6.8914 0.0100 2.6151 1.9475
6.8914 0.0100 2.6900 1.9317
6.8914 0.0100 2.6950 1.9291
6.8914 0.0100 2.7031 1.9248
6.8914 0.0100 2.7074 1.9294
6.8914 0.0100 2.7164 1.9282
6.8914 0.0100 2.7284 1.9150
6.8914 0.0100 2.7641 1.9493
6.8914 0.0100 2.7999 1.9576
6.8914 0.0100 2.7999 1.9576
6.8914 0.0100 2.8219 1.9384
6.8914 0.0100 2.8754 1.9621
6.8914 0.0100 2.9394 1.9721
6.8914 0.0100 2.9997 1.9738
6.8914 0.0100 2.9997 1.9738
6.8914 0.0100 3.0069 1.9825
6.8914 0.0100 3.0357 2.0014
6.8914 0.0100 3.0436 2.0005
6.8914 0.0100 3.0954 2.0129
6.8914 0.0100 3.1090 2.0297
6.8914 0.0100 3.1297 2.0511
6.8914 0.0100 3.1535 2.0540
6.8914 0.0100 3.1776 2.0447
6.8914 0.0100 3.2283 2.0283
6.8914 0.0100 3.2419 2.0352
7.7097 0.0100 3.2620 2.0689
7.7097 0.0100 3.2769 2.0645
7.7097 0.0100 3.2937 2.0799
7.7097 0.0100 3.3485 2.0921
7.7097 0.0100 3.3618 2.0882
7.7097 0.0100 3.4004 2.0814
7.7097 0.0100 3.4137 2.0773
7.7097 0.0100 3.4350 2.0837
7.7097 0.0100 3.4450 2.0745
7.7097 0.0100 3.4873 2.0659
7.7097 0.0100 3.5345 2.0637
7.7097 0.0100 3.5513 2.0696
7.7097 0.0100 3.5617 2.0788
7.7097 0.0100 3.5721 2.0637
7.7097 0.0100 3.5821 2.0701
7.7097 0.0100 3.6117 2.0935
7.7097 0.0100 3.6191 2.0961
7.7097 0.0100 3.6388 2.0817
7.7097 0.0100 3.6449 2.0865
7.7097 0.0100 3.6449 2.0865
7.7097 0.0100 3.6849 2.0750
7.7097 0.0100 3.7078 2.0467
7.7097 0.0100 3.7205 2.0590
7.7097 0.0100 3.7337 2.0704
7.7097 0.0100 3.7696 2.0597
7.7097 0.0100 3.7696 2.0597
7.7097 0.0100 3.7749 2.0654
7.7097 0.0100 3.7749 2.0654
7.7097 0.0100 3.8460 2.0553
7.7097 0.0100 3.8570 2.0641
7.7097 0.0100 3.8665 2.0635
7.7097 0.0100 3.9070 2.0661
7.7097 0.0100 3.9469 2.0646
7.7097 0.0100 3.9610 2.0424
7.7097 0.0100 3.9610 2.0424
7.7097 0.0100 3.9644 2.0438
7.7097 0.0100 3.9644 2.0438
7.7097 0.0100 4.0049 2.0257
7.7097 0.0100 4.0278 2.0056
7.7097 0.0100 4.0316 2.0101
7.7097 0.0100 4.0743 2.0268
7.7097 0.0100 4.1306 1.9968
7.7097 0.0100 4.1727 1.9536
7.7097 0.0100 4.2134 1.9497
7.7097 0.0100 4.2278 1.9683
7.7097 0.0100 4.2349 1.9658
7.7097 0.0100 4.2349 1.9658
7.7097 0.0100 4.2422 1.9585
7.7097 0.0100 4.2514 1.9456
7.7097 0.0100 4.2577 1.9450
7.7097 0.0100 4.2828 1.9332
7.7097 0.0100 4.2968 1.9433
8.1230 0.0100 4.3146 1.9700
8.1230 0.0100 4.3186 1.9719
8.1230 0.0100 4.3589 1.9938
8.1230 0.0100 4.3634 1.9969
8.1230 0.0100 4.4081 1.9800
8.1230 0.0100 4.4360 1.9992
8.1230 0.0100 4.4664 1.9543
8.1230 0.0100 4.4898 1.9569
8.1230 0.0100 4.4900 1.9566
8.1230 0.0100 4.5018 1.9606
8.1230 0.0100 4.5206 1.9706
8.1230 0.0100 4.5321 1.9832
8.1230 0.0100 4.5414 1.9878
8.1230 0.0100 4.6028 1.9827
8.1230 0.0100 4.6096 1.9896
8.1230 0.0100 4.6106 1.9880
8.1230 0.0100 4.6141 1.9908
8.1230 0.0100 4.6528 2.0046
8.1230 0.0100 4.6993 1.9809
8.1230 0.0100 4.6993 1.9809
8.1230 0.0100 4.6993 1.9809
8.1230 0.0100 4.6993 1.9809
8.1230 0.0100 4.7015 1.9822
8.1230 0.0100 4.7320 1.9643
8.1230 0.0100 4.7457 1.9681
8.1230 0.0100 4.7531 1.9708
8.1230 0.0100 4.7576 1.9742
8.1230 0.0100 4.7577 1.9743
8.1230 0.0100 4.7808 1.9627
8.1230 0.0100 4.8283 1.9462
8.1230 0.0100 4.8512 1.9335
8.1230 1.0326 4.9175 1.8792
8.1230 1.0326 4.9266 1.8870
8.1230 1.0326 4.9711 1.8703
8.1230 1.0326 5.0100 1.8547
8.1230 1.0326 5.0607 1.8698
8.1230 1.0326 5.1141 1.8303
8.1230 1.0326 5.1365 1.8329
8.1230 1.0326 5.1436 1.8234
8.1230 1.0326 5.1789 1.7852
8.1230 1.0326 5.2186 1.7361
8.1230 1.0326 5.2186 1.7361
8.1230 1.0326 5.2186 1.7361
8.1230 1.0326 5.2633 1.7094
8.1230 1.0326 5.3182 1.6602
8.1230 1.0326 5.3279 1.6608
8.1230 1.0326 5.3861 1.6227
8.1230 1.0326 5.3889 1.6223
8.1230 1.0326 5.3918 1.6233
8.1230 1.0326 5.4206 1.5963
8.1230 1.0326 5.4374 1.6037
8.1230 1.0326 5.4725 1.5530
8.1230 1.0326 5.4745 1.5539
8.1230 1.0326 5.4988 1.5695
8.1230 1.0326 5.5496 1.5152
8.1230 1.0326 5.5496 1.5152
8.1230 1.0326 5.5677 1.5100
8.1230 1.0326 5.5841 1.5061
8.1230 1.0326 5.5843 1.5061
8.1230 1.0326 5.6158 1.5113
8.1230 1.0326 5.6210 1.5132
8.1230 1.0326 5.6280 1.5127
8.1230 1.0326 5.6357 1.5185
8.1230 1.0326 5.6358 1.5186
8.1230 1.0326 5.6368 1.5191
8.1230 1.0326 5.6532 1.4971
8.1230 1.0326 5.6607 1.5033
8.1230 1.0326 5.6607 1.5033
8.1230 1.0326 5.6816 1.5228
8.1230 1.0326 5.7003 1.5411
8.1230 1.0326 5.7199 1.5345
8.1230 1.0326 5.7249 1.5368
8.1230 1.0326 5.7267 1.5360
8.1230 1.0326 5.7415 1.5477
8.1230 1.0326 5.7474 1.5467
8.1230 1.0326 5.7547 1.5412
8.1230 1.0326 5.7713 1.5576
8.1230 1.0326 5.7996 1.5599
8.1230 1.0326 5.7996 1.5599
8.1230 1.0326 5.8002 1.5599
8.1230 1.0326 5.8017 1.5602
8.1230 1.0326 5.8068 1.5597
8.1230 1.0326 5.8194 1.5577
8.1230 1.0326 5.8709 1.4820
8.1230 1.0326 5.9108 1.4884
8.1230 1.0326 5.9135 1.4886
8.1230 1.0326 5.9142 1.4895
8.1230 1.0326 5.9202 1.4906
8.1230 1.0326 5.9202 1.4906
8.1230 1.0326 5.9202 1.4906
8.1230 1.0326 5.9287 1.5003
8.1230 1.1482 5.9873 1.4202
8.1230 1.1482 6.0149 1.3741
8.1230 1.1482 6.0149 1.3741
8.1230 1.1482 6.0320 1.3612
8.2045 1.1482 6.0635 1.3746
8.2045 1.1482 6.0658 1.3746
8.2045 1.1482 6.0698 1.3764
8.2045 1.1482 6.0722 1.3777
8.2045 1.1482 6.0761 1.3784
8.2045 1.1482 6.0965 1.3899
8.2045 1.1482 6.0977 1.3906
8.2045 1.3369 6.1363 1.3035
8.2045 1.3369 6.1521 1.3179
8.2045 1.3369 6.1524 1.3178
8.2045 1.3369 6.1524 1.3178
8.2045 1.3369 6.1686 1.3129
8.2045 1.3369 6.1716 1.3133
8.2045 1.3369 6.1823 1.3090
8.2045 1.9931 6.2145 1.2265
8.2045 1.9931 6.2637 1.1946
8.2045 1.9931 6.2689 1.2005
8.2045 1.9931 6.2689 1.2005
8.2045 1.9931 6.2689 1.2005
8.2045 1.9931 6.2711 1.2003
8.2045 1.9931 6.2711 1.2003
8.2045 1.9931 6.2793 1.1995
8.2045 1.9931 6.2793 1.1995
8.2045 1.9931 6.2793 1.1995
8.2045 1.9931 6.2847 1.1930
8.2045 1.9931 6.2989 1.1871
8.2045 1.9931 6.3151 1.1815
8.2045 1.9931 6.3151 1.1815
8.2045 1.9931 6.3377 1.1941
8.2045 1.9931 6.3377 1.1941
8.2045 1.9931 6.3508 1.2032
8.2045 1.9931 6.3643 1.2108
8.2045 1.9931 6.3679 1.2084
8.2045 1.9931 6.3682 1.2085
8.2045 1.9931 6.3727 1.2064
8.2045 1.9931 6.3749 1.2071
8.2045 1.9931 6.3863 1.2002
8.2045 1.9931 6.3968 1.1831
8.2045 1.9931 6.4038 1.1839
8.2045 1.9931 6.4084 1.1847
8.2045 1.9931 6.4138 1.1865
8.2045 1.9931 6.4138 1.1865
8.2045 1.9931 6.4438 1.1387
8.2045 1.9931 6.4444 1.1383
8.2045 1.9931 6.4450 1.1382
8.2045 1.9931 6.4589 1.1476
8.2045 1.9931 6.4591 1.1476
8.2045 1.9931 6.4714 1.1596
8.2045 1.9931 6.4820 1.1665
8.2045 1.9931 6.5076 1.1619
8.2045 1.9931 6.5395 1.1620
8.2045 1.9931 6.5713 1.1614
8.2045 1.9931 6.5763 1.1637
8.2045 1.9931 6.5764 1.1637
8.2045 1.9931 6.5978 1.1723
8.2045 1.9931 6.5978 1.1723
8.2045 1.9931 6.6213 1.1790
8.2045 1.9931 6.6332 1.1694
8.2045 1.9931 6.6361 1.1726
8.2045 1.9931 6.6361 1.1726
8.2045 1.9931 6.6407 1.1711
8.2045 1.9931 6.6597 1.1795
8.2045 1.9931 6.6661 1.1827
8.2045 1.9931 6.6709 1.1813
8.2045 1.9931 6.6895 1.1600
8.2045 1.9931 6.6895 1.1600
8.2045 1.9931 6.6957 1.1594
8.2045 1.9931 6.7330 1.1197
8.2045 1.9931 6.7341 1.1199
8.2045 1.9931 6.7497 1.1057
8.2045 1.9931 6.7692 1.1125
8.2045 1.9931 6.7739 1.1097
8.2045 1.9931 6.7823 1.1167
8.2045 1.9931 6.7831 1.1174
8.2045 1.9931 6.7831 1.1174
8.2045 1.9931 6.7861 1.1162
8.2045 3.2453 6.8419 1.0095
8.2045 3.2453 6.8419 1.0095
8.2045 3.2453 6.8585 1.0168
8.2045 3.2453 6.8585 1.0168
8.2045 3.2453 6.8585 1.0168
8.2045 3.2453 6.8621 1.0145
8.2045 4.5809 6.8946 0.9480
8.2045 4.5809 6.9014 0.9500
8.2045 4.5809 6.9137 0.9577
8.2045 4.5809 6.9263 0.9403
8.2045 4.5809 6.9263 0.9403
8.2045 4.5809 6.9289 0.9386
8.2045 4.5809 6.9294 0.9392
8.2045 4.5809 6.9541 0.9206
8.2045 4.5809 6.9541 0.9206
8.2045 4.5809 6.9541 0.9206
8.2045 4.5809 6.9624 0.9059
8.2045 4.5809 6.9624 0.9059
8.2045 4.5809 6.9656 0.9085
8.2045 4.5809 6.9656 0.9085
8.2045 4.5809 6.9667 0.9079
8.2045 4.5809 6.9667 0.9079
8.2045 4.5809 6.9667 0.9079
8.2045 4.5809 6.9667 0.9079
8.2045 4.5809 6.9667 0.9079
8.2045 4.5809 6.9830 0.9139
8.2045 4.9326 6.9922 0.8941
8.2045 4.9326 6.9963 0.8983
8.2045 4.9326 7.0055 0.8818
8.2045 4.9326 7.0055 0.8818
8.2045 4.9326 7.0063 0.8829
8.2045 4.9326 7.0063 0.8829
8.2045 4.9326 7.0116 0.8806
8.2045 4.9326 7.0176 0.8858
8.2045 4.9326 7.0176 0.8858
8.2045 4.9326 7.0177 0.8858
8.2045 4.9326 7.0177 0.8858
8.2045 4.9326 7.0180 0.8854
8.2045 4.9326 7.0272 0.8786
8.2045 4.9326 7.0362 0.8702
8.2045 4.9326 7.0419 0.8685
8.2045 4.9326 7.0419 0.8685
8.2045 4.9326 7.0419 0.8685
8.2045 4.9326 7.0424 0.8691
8.2045 4.9326 7.0587 0.8739
8.2045 4.9326 7.0681 0.8766
8.2045 4.9326 7.0853 0.8512
8.2045 4.9326 7.1014 0.8554
8.2045 4.9326 7.1096 0.8612
8.2045 4.9326 7.1115 0.8616
8.2045 4.9326 7.1115 0.8616
8.2045 4.9326 7.1293 0.8670
8.2552 4.9326 7.1306 0.8686
8.2552 4.9326 7.1389 0.8685
8.2831 4.9326 7.1568 0.8734
8.2831 4.9326 7.1572 0.8730
8.3363 4.9326 7.1782 0.8758
8.3363 4.9326 7.1996 0.8725
8.3363 4.9326 7.2064 0.8677
8.3363 4.9326 7.2064 0.8677
8.3363 4.9326 7.2226 0.8696
8.3363 4.9326 7.2228 0.8698
8.3363 4.9326 7.2354 0.8455
8.3363 4.9326 7.2471 0.8441
8.3363 4.9326 7.2503 0.8471
8.3363 4.9326 7.2592 0.8427
8.3363 4.9326 7.2602 0.8414
8.3363 4.9326 7.2602 0.8414
8.3363 4.9326 7.2603 0.8413
8.3363 4.9326 7.2785 0.8419
8.3363 4.9326 7.2785 0.8419
8.3363 4.9326 7.2787 0.8420
8.3390 4.9326 7.2958 0.8466
8.3390 4.9326 7.2964 0.8471
8.3390 4.9326 7.2964 0.8471
8.3390 4.9326 7.3002 0.8443
8.3390 4.9326 7.3036 0.8420
8.3390 4.9326 7.3132 0.8458
8.3390 4.9326 7.3260 0.8393
8.3390 4.9326 7.3471 0.8357
8.3390 4.9326 7.3471 0.8357
8.3390 4.9326 7.3471 0.8357
8.3390 4.9326 7.3471 0.8357
8.3390 4.9326 7.3628 0.8369
8.3390 4.9326 7.3630 0.8366
8.3390 4.9326 7.3633 0.8369
8.3390 4.9326 7.3633 0.8369
8.3390 4.9326 7.3633 0.8369
8.3390 4.9326 7.3633 0.8369
8.3390 4.9326 7.3788 0.8350
8.3390 4.9326 7.3788 0.8350
8.3390 4.9326 7.3858 0.8280
8.3390 4.9326 7.3919 0.8228
8.3390 4.9326 7.3919 0.8228
8.3390 4.9326 7.3951 0.8178
8.3390 4.9326 7.3983 0.8194
8.3390 4.9326 7.3983 0.8194
8.3390 4.9326 7.4068 0.8233
8.3696 4.9326 7.4153 0.8288
8.3696 4.9326 7.4169 0.8279
8.3696 4.9326 7.4326 0.8262
8.3696 4.9326 7.4518 0.8216
8.3696 4.9326 7.4542 0.8218
8.3696 4.9326 7.4667 0.8247
8.3696 4.9326 7.4859 0.8192
8.3696 4.9326 7.4859 0.8192
8.3696 4.9326 7.4903 0.8157
8.3696 4.9326 7.5024 0.8157
8.3696 4.9326 7.5148 0.7994
8.3696 4.9326 7.5154 0.7983
8.3696 4.9326 7.5160 0.7986
8.3696 4.9326 7.5184 0.7958
8.3696 4.9326 7.5299 0.7961
8.3696 4.9326 7.5330 0.7982
8.3696 4.9326 7.5347 0.7993
8.3696 4.9326 7.5414 0.8016
8.3696 4.9326 7.5414 0.8016
8.3696 4.9326 7.5481 0.7990
8.3696 4.9326 7.5481 0.7990
8.3696 4.9326 7.5707 0.7827
8.3696 4.9326 7.5726 0.7843
8.3696 4.9326 7.5912 0.7809
8.3903 4.9326 7.5929 0.7825
8.3903 4.9326 7.6026 0.7819
8.3903 4.9326 7.6124 0.7827
9.1136 4.9326 7.6196 0.7931
9.1136 4.9326 7.6316 0.7697
9.1136 4.9326 7.6316 0.7697
9.1136 4.9326 7.6337 0.7710
9.1136 4.9326 7.6337 0.7710
9.1136 4.9326 7.6361 0.7722
9.1136 4.9326 7.6396 0.7649
9.1136 4.9326 7.6396 0.7649
9.1136 4.9326 7.6475 0.7630
9.1136 4.9326 7.6701 0.7429
9.1136 4.9326 7.6701 0.7429
9.1136 4.9326 7.6760 0.7444
9.1136 4.9326 7.6768 0.7449
9.1136 4.9326 7.6862 0.7327
9.1136 4.9326 7.6921 0.7338
9.1136 4.9326 7.6921 0.7338
9.1136 4.9326 7.6921 0.7338
9.1136 4.9326 7.7027 0.7323
9.1136 4.9326 7.7031 0.7325
9.1136 4.9326 7.7031 0.7325
9.1136 4.9326 7.7031 0.7325
9.1136 4.9326 7.7050 0.7339
9.1136 4.9326 7.7166 0.7312
9.1136 4.9326 7.7317 0.7255
9.1136 4.9326 7.7484 0.7170
9.1136 5.7600 7.7803 0.6597
9.1136 5.7600 7.7987 0.6493
9.1136 5.7600 7.7989 0.6495
9.1136 5.7600 7.7989 0.6495
9.1136 5.7600 7.7989 0.6495
9.1136 5.7600 7.7989 0.6495
9.1136 5.7600 7.7989 0.6495
9.1136 5.7600 7.7989 0.6495
9.1136 5.7600 7.7997 0.6499
9.1136 5.9067 7.8188 0.6169
9.1136 5.9067 7.8197 0.6173
9.1136 5.9067 7.8225 0.6196
9.1136 5.9067 7.8241 0.6205
9.1136 5.9067 7.8261 0.6221
9.1136 5.9067 7.8266 0.6223
9.1136 5.9067 7.8266 0.6223
9.1136 5.9067 7.8266 0.6224
9.1136 5.9067 7.8266 0.6224
9.1136 5.9067 7.8266 0.6224
9.1136 5.9067 7.8395 0.6161
9.1136 5.9067 7.8395 0.6161
9.1136 5.9067 7.8536 0.6004
9.1136 6.1886 7.8762 0.5684
9.1136 6.1886 7.8782 0.5692
9.1136 6.1886 7.8782 0.5692
9.1136 6.1886 7.8870 0.5705
9.1136 6.1886 7.8877 0.5710
9.1136 6.1886 7.8991 0.5652
9.1136 6.1886 7.9106 0.5516
9.1136 6.1886 7.9131 0.5540
9.1136 6.1886 7.9131 0.5540
9.1136 6.1886 7.9131 0.5540
9.1136 6.1886 7.9131 0.5540
9.1136 6.1886 7.9131 0.5540
9.1136 6.1886 7.9139 0.5544
9.1136 6.1886 7.9140 0.5544
9.1136 6.1886 7.9148 0.5548
9.1136 6.1886 7.9226 0.5599
9.1136 6.1886 7.9253 0.5616
9.1136 6.1886 7.9272 0.5619
9.1136 6.1886 7.9285 0.5629
9.1136 6.1886 7.9285 0.5629
9.1136 6.1886 7.9290 0.5633
9.1136 6.1886 7.9293 0.5635
9.1136 6.1886 7.9302 0.5640
9.1136 6.1886 7.9340 0.5665
9.1136 6.2055 7.9469 0.5407
9.1136 6.2055 7.9477 0.5411
9.1136 6.2055 7.9539 0.5403
9.1136 6.2055 7.9687 0.5323
9.1136 6.2055 7.9692 0.5325
9.1314 6.2055 7.9793 0.5447
9.1314 6.2055 7.9832 0.5469
9.1314 6.2055 7.9840 0.5471
9.1314 6.2055 7.9844 0.5473
9.1314 6.2055 7.9845 0.5473
9.1314 6.2055 7.9845 0.5473
9.1314 6.2055 8.0027 0.5213
9.1314 6.2055 8.0030 0.5214
9.1314 6.2055 8.0044 0.5217
9.1314 6.2055 8.0047 0.5218
9.1314 6.2055 8.0172 0.5099
9.1314 6.2055 8.0172 0.5099
9.1314 6.2055 8.0175 0.5100
9.1314 6.2055 8.0269 0.5204
9.1314 6.2055 8.0269 0.5204
9.1314 6.2055 8.0309 0.5210
9.1314 6.2055 8.0309 0.5210
9.1314 6.2055 8.0464 0.5026
9.1314 6.2055 8.0464 0.5026
9.1314 6.2055 8.0483 0.5036
9.1314 6.2055 8.0632 0.4910
9.1314 6.2055 8.0632 0.4910
9.1314 6.2055 8.0634 0.4912
9.1314 6.2055 8.0687 0.4898
9.1314 6.2055 8.0698 0.4902
9.1314 6.2055 8.0700 0.4903
9.1314 6.2055 8.0700 0.4903
9.1314 6.2055 8.0767 0.4875
9.1314 6.2055 8.0775 0.4876
9.1314 6.2055 8.0847 0.4842
9.1314 6.2055 8.0866 0.4857
9.1314 6.2055 8.0909 0.4882
9.1314 6.2055 8.0941 0.4897
9.1314 6.2055 8.0999 0.4866
9.1314 6.2055 8.1043 0.4895
9.1314 6.2055 8.1062 0.4901
9.1314 6.2055 8.1062 0.4901
9.1314 6.2055 8.1070 0.4904
9.1314 6.2055 8.1070 0.4904
9.1314 6.2055 8.1070 0.4904
9.1314 6.2055 8.1070 0.4904
9.1314 6.2055 8.1070 0.4904
9.1314 6.2055 8.1136 0.4949
9.1314 6.2055 8.1177 0.4967
9.1314 6.2339 8.1399 0.4589
9.1314 6.2339 8.1399 0.4589
9.1314 6.2339 8.1399 0.4589
9.1314 6.2339 8.1405 0.4589
9.1314 6.2339 8.1405 0.4589
9.1314 6.2339 8.1480 0.4591
9.1314 6.2339 8.1480 0.4591
9.1314 6.2339 8.1550 0.4652
9.1314 6.2339 8.1550 0.4652
9.1314 6.2339 8.1560 0.4669
9.1314 6.2339 8.1612 0.4704
9.1314 6.2339 8.1618 0.4705
9.1314 6.2339 8.1618 0.4705
9.1314 6.2339 8.1680 0.4586
9.1314 6.2339 8.1696 0.4595
9.1314 6.2339 8.1739 0.4579
9.1314 6.2339 8.1749 0.4581
9.1314 6.2339 8.1935 0.4553
9.1314 6.2339 8.1935 0.4553
9.1314 6.2339 8.1943 0.4553
9.1314 6.2339 8.1943 0.4553
9.1314 6.2339 8.1943 0.4553
9.1314 6.2339 8.1962 0.4557
9.1314 6.2339 8.1962 0.4557
9.1314 6.2339 8.2107 0.4301
9.1314 6.2339 8.2110 0.4292
9.1314 6.2339 8.2110 0.4292
9.1314 6.2339 8.2119 0.4310
9.1314 6.2339 8.2119 0.4310
9.1314 6.2339 8.2119 0.4310
9.1314 6.2339 8.2194 0.4372
9.1314 6.2339 8.2194 0.4372
9.1314 6.2339 8.2210 0.4373
9.1314 6.2339 8.2217 0.4387
9.1314 6.2339 8.2217 0.4387
9.1314 6.2339 8.2217 0.4387
9.1314 6.2339 8.2217 0.4387
9.1314 6.2339 8.2217 0.4387
9.1314 6.2339 8.2217 0.4387
9.1314 6.2339 8.2227 0.4388
9.1314 6.8975 8.2424 0.3906
9.1314 6.8975 8.2424 0.3906
9.1314 6.8975 8.2429 0.3909
9.1314 6.8975 8.2462 0.3915
9.1314 6.8975 8.2464 0.3915
9.1314 6.8975 8.2505 0.3977
9.1314 6.9247 8.2578 0.3790
9.1314 6.9247 8.2586 0.3788
9.1314 6.9247 8.2586 0.3788
9.1314 6.9247 8.2586 0.3788
9.1314 6.9247 8.2586 0.3788
9.1314 6.9247 8.2632 0.3796
9.1314 6.9247 8.2742 0.3886
9.1314 6.9247 8.2867 0.3732
9.1314 6.9247 8.2867 0.3732
9.1314 6.9247 8.2924 0.3763
9.1314 6.9247 8.2924 0.3763
9.1314 6.9247 8.2936 0.3762
9.1314 6.9247 8.2936 0.3762
9.1314 6.9247 8.2958 0.3763
9.1314 6.9247 8.2976 0.3759
9.1314 6.9247 8.2976 0.3759
9.1314 6.9247 8.3050 0.3813
9.1314 6.9247 8.3133 0.3901
9.1314 6.9247 8.3167 0.3906
9.1314 6.9247 8.3228 0.3870
9.1314 6.9247 8.3287 0.3799
9.1314 6.9247 8.3287 0.3799
9.1314 6.9247 8.3287 0.3799
9.1314 6.9247 8.3294 0.3797
9.1314 6.9247 8.3302 0.3795
9.1314 6.9247 8.3302 0.3795
9.1314 6.9247 8.3302 0.3795
9.1314 6.9247 8.3343 0.3812
9.1314 6.9247 8.3436 0.3872
9.1314 6.9247 8.3444 0.3868
9.1314 6.9247 8.3465 0.3885
9.1314 6.9247 8.3523 0.3905
9.1314 6.9247 8.3534 0.3902
9.1314 6.9247 8.3534 0.3902
9.1314 6.9247 8.3534 0.3902
9.1800 6.9247 8.3605 0.3986
9.1800 6.9247 8.3659 0.4029
9.1800 6.9247 8.3732 0.4080
9.1800 6.9247 8.3772 0.4083
9.1800 6.9247 8.3794 0.4085
9.1800 6.9247 8.3810 0.4080
9.1800 6.9247 8.3829 0.4080
9.1800 6.9247 8.3829 0.4080
9.1800 6.9247 8.3849 0.4076
9.1800 6.9247 8.3875 0.4069
9.1800 6.9247 8.3902 0.4066
9.1800 6.9247 8.3919 0.4093
9.1800 6.9247 8.3919 0.4093
9.1800 6.9247 8.3919 0.4093
9.1800 6.9247 8.3992 0.4159
9.1800 6.9247 8.4003 0.4155
9.1800 6.9247 8.4003 0.4155
9.1800 6.9247 8.4003 0.4155
9.1800 6.9247 8.4040 0.4154
9.1800 6.9247 8.4084 0.4171
9.1800 6.9247 8.4111 0.4162
9.1800 6.9247 8.4111 0.4162
9.1800 6.9247 8.4169 0.4085
9.1800 6.9247 8.4169 0.4085
9.1800 6.9247 8.4186 0.4089
9.1800 6.9247 8.4186 0.4089
9.1800 6.9247 8.4186 0.4089
9.1800 6.9247 8.4206 0.4087
9.1800 6.9247 8.4299 0.4143
9.1800 6.9247 8.4329 0.4137
9.1800 6.9247 8.4329 0.4137
9.2041 6.9247 8.4401 0.4207
9.2041 6.9247 8.4555 0.4134
9.2041 6.9247 8.4555 0.4134
9.2041 6.9247 8.4555 0.4134
9.2041 6.9247 8.4574 0.4123
9.2041 6.9247 8.4644 0.4171
9.2041 6.9247 8.4645 0.4171
9.2041 6.9247 8.4645 0.4171
9.2041 6.9247 8.4645 0.4171
9.2041 6.9247 8.4657 0.4165
9.2041 6.9247 8.4659 0.4163
9.2041 6.9247 8.4659 0.4163
9.2041 6.9247 8.4673 0.4175
9.2041 6.9247 8.4691 0.4172
9.2041 6.9247 8.4691 0.4172
9.2041 6.9247 8.4693 0.4175
9.2041 6.9247 8.4695 0.4176
9.2041 6.9247 8.4712 0.4172
9.2041 6.9247 8.4754 0.4187
9.2041 6.9247 8.4762 0.4186
9.2041 6.9247 8.4762 0.4186
9.2041 6.9247 8.4794 0.4222
9.2041 6.9247 8.4800 0.4223
9.2041 6.9247 8.4835 0.4185
9.2041 6.9247 8.4835 0.4185
9.2041 6.9247 8.4899 0.4234
9.2041 6.9247 8.4946 0.4247
9.2041 6.9247 8.4946 0.4247
9.2041 6.9247 8.4978 0.4232
9.2041 6.9247 8.5020 0.4240
9.2041 6.9247 8.5020 0.4240
9.2041 6.9247 8.5035 0.4236
9.2041 6.9247 8.5096 0.4167
9.2041 6.9247 8.5142 0.4149
9.2041 6.9247 8.5142 0.4149
9.2041 7.0632 8.5270 0.3843
9.2041 7.0632 8.5270 0.3843
9.2041 7.0632 8.5308 0.3849
9.2041 7.0632 8.5308 0.3849
9.2041 7.0632 8.5308 0.3849
9.2041 7.0632 8.5308 0.3849
9.2041 7.0632 8.5310 0.3851
9.2041 7.0632 8.5310 0.3851
9.2041 7.0632 8.5324 0.3857
9.2041 7.0632 8.5324 0.3857
9.2041 7.0632 8.5340 0.3863
9.2041 7.0632 8.5364 0.3850
9.2041 7.0632 8.5370 0.3852
9.2041 7.0632 8.5379 0.3851
9.2041 7.0632 8.5379 0.3851
9.2041 7.0632 8.5379 0.3851
9.2041 7.0632 8.5393 0.3872
9.2041 7.0632 8.5462 0.3925
9.2041 7.0632 8.5465 0.3924
9.2041 7.0632 8.5466 0.3924
9.2041 7.0632 8.5497 0.3957
9.2041 7.0632 8.5497 0.3957
9.2041 7.0632 8.5497 0.3957
9.2041 7.0632 8.5513 0.3963
9.2041 7.0632 8.5569 0.3949
9.2041 7.0632 8.5569 0.3949
9.2041 7.0632 8.5569 0.3949
9.2041 7.0632 8.5569 0.3949
9.2041 7.0632 8.5593 0.3935
9.2041 7.0632 8.5593 0.3935
9.2041 7.0632 8.5657 0.3823
9.2041 7.0632 8.5658 0.3823
9.2041 7.0632 8.5699 0.3800
9.2041 7.0632 8.5732 0.3832
9.2041 7.0632 8.5788 0.3872
9.2041 7.0632 8.5819 0.3855
9.2041 7.0632 8.5819 0.3855
9.2041 7.0632 8.5831 0.3850
9.2041 7.0632 8.5831 0.3850
9.2041 7.0632 8.5840 0.3841
9.2041 7.0632 8.5845 0.3850
9.2041 7.0632 8.5902 0.3835
9.2041 7.0632 8.5959 0.3861
9.2041 7.0632 8.5992 0.3887
9.2041 7.0632 8.6048 0.3918
9.2041 7.0632 8.6048 0.3918
9.2041 7.0632 8.6097 0.3874
9.2041 7.0632 8.6098 0.3873
9.2041 7.0632 8.6140 0.3849
9.2041 7.0632 8.6140 0.3849
9.2041 7.0632 8.6158 0.3837
9.2041 7.0632 8.6158 0.3837
9.2041 7.0632 8.6245 0.3709
9.2041 8.1230 8.6399 0.3361
9.2041 8.1230 8.6463 0.3390
9.2041 8.1230 8.6486 0.3370
9.2041 8.1230 8.6486 0.3370
9.2041 8.1230 8.6486 0.3370
9.2041 8.1230 8.6486 0.3370
9.2041 8.1230 8.6486 0.3370
9.2041 8.1230 8.6486 0.3370
9.2041 8.1230 8.6496 0.3376
9.2041 8.1230 8.6496 0.3376
9.2041 8.1230 8.6496 0.3376
9.2041 8.1230 8.6496 0.3376
9.2041 8.1230 8.6505 0.3372
9.2041 8.1230 8.6560 0.3402
9.2041 8.1230 8.6586 0.3378
9.2041 8.1230 8.6634 0.3403
9.2041 8.1230 8.6675 0.3396
9.2041 8.1230 8.6750 0.3431
9.2041 8.1230 8.6795 0.3413
9.2041 8.1230 8.6801 0.3410
9.2041 8.1230 8.6873 0.3403
9.2041 8.1230 8.6873 0.3403
9.2041 8.1230 8.6903 0.3397
9.2041 8.1230 8.6903 0.3397
9.2041 8.1230 8.6903 0.3397
9.2041 8.1230 8.6903 0.3397
9.2041 8.1230 8.6903 0.3397
9.2041 8.1230 8.6910 0.3392
9.2041 8.1230 8.6910 0.3392
9.2041 8.1230 8.6910 0.3392
9.2041 8.1230 8.6910 0.3392
9.2041 8.1230 8.6982 0.3386
9.2041 8.1230 8.6983 0.3386
9.2041 8.1230 8.6985 0.3388
9.2041 8.1230 8.7005 0.3383
9.2041 8.1230 8.7030 0.3406
9.2041 8.1230 8.7054 0.3398
9.2041 8.1230 8.7054 0.3398
9.2041 8.1230 8.7107 0.3423
9.2041 8.1230 8.7107 0.3423
9.2041 8.1230 8.7107 0.3423
9.2041 8.1230 8.7180 0.3445
9.2041 8.1230 8.7206 0.3437
9.2041 8.1230 8.7237 0.3453
9.2041 8.1230 8.7237 0.3453
9.2041 8.1230 8.7237 0.3453
9.2041 8.1230 8.7247 0.3447
9.2041 8.1230 8.7318 0.3435
9.2041 8.1230 8.7335 0.3410
9.2041 8.1230 8.7370 0.3374
9.2041 8.1230 8.7374 0.3377
9.2041 8.1230 8.7389 0.3393
9.2041 8.1230 8.7389 0.3393
9.2041 8.1230 8.7468 0.3420
9.2041 8.1230 8.7549 0.3410
9.2041 8.1230 8.7550 0.3411
9.2041 8.1230 8.7577 0.3379
9.2041 8.1230 8.7579 0.3382
9.2041 8.1230 8.7677 0.3343
9.2041 8.1230 8.7680 0.3341
9.2041 8.1230 8.7682 0.3339
9.2041 8.1230 8.7726 0.3285
9.2041 8.1230 8.7783 0.3283
9.2041 8.1230 8.7783 0.3283
9.2041 8.1230 8.7783 0.3283
9.2041 8.1230 8.7783 0.3283
9.2648 8.1230 8.7865 0.3329
9.2648 8.1230 8.7933 0.3294
9.2648 8.1230 8.7933 0.3294
9.2648 8.1230 8.7996 0.3305
9.3180 8.1230 8.8019 0.3333
9.3180 8.1230 8.8019 0.3333
9.3180 8.1230 8.8031 0.3333
9.3180 8.1230 8.8088 0.3338
9.3180 8.1230 8.8089 0.3339
9.3180 8.1230 8.8158 0.3284
9.3180 8.1230 8.8198 0.3297
9.3180 8.1230 8.8198 0.3297
9.3180 8.1230 8.8268 0.3263
9.3180 8.1230 8.8299 0.3242
9.3180 8.1230 8.8313 0.3227
9.3180 8.1230 8.8346 0.3218
11.0360 8.1230 8.8534 0.3852
11.0360 8.1230 8.8583 0.3855
11.0360 8.1230 8.8583 0.3855
11.0360 8.1230 8.8588 0.3860
11.0360 8.1230 8.8636 0.3851
11.0360 8.1230 8.8636 0.3851
11.0360 8.1230 8.8636 0.3851
11.0360 8.1230 8.8636 0.3851
11.0360 8.1230 8.8638 0.3852
11.0360 8.1230 8.8708 0.3846
11.0360 8.1230 8.8722 0.3855
11.0360 8.1230 8.8730 0.3860
11.0360 8.1230 8.8730 0.3860
11.0360 8.1230 8.8730 0.3860
11.0360 8.1230 8.8733 0.3855
11.0360 8.1230 8.8733 0.3855
11.0360 8.1230 8.8733 0.3855
11.0360 8.1230 8.8769 0.3820
11.0360 8.1562 8.8875 0.3755
11.0360 8.1562 8.8875 0.3755
11.0360 8.1562 8.8902 0.3757
11.0360 8.1562 8.8936 0.3770
11.0360 8.1562 8.8950 0.3778
11.0360 8.2045 8.9014 0.3706
11.0360 8.2045 8.9014 0.3706
11.0360 8.2045 8.9075 0.3701
11.0360 8.2045 8.9076 0.3702
11.0360 8.2045 8.9118 0.3704
11.0360 8.2045 8.9131 0.3707
11.0360 8.2045 8.9131 0.3707
11.0360 8.2045 8.9131 0.3707
11.0360 8.2045 8.9131 0.3707
11.0360 8.2045 8.9165 0.3657
11.0360 8.2045 8.9167 0.3658
11.0360 8.2045 8.9225 0.3633
11.0360 8.2045 8.9225 0.3633
11.0360 8.2045 8.9230 0.3636
11.0360 8.2045 8.9230 0.3636
11.0360 8.2045 8.9230 0.3636
11.0360 8.2045 8.9301 0.3583
11.0360 8.2045 8.9301 0.3583
11.0360 8.2045 8.9311 0.3588
11.0360 8.2045 8.9313 0.3589
11.0360 8.2045 8.9356 0.3572
11.0360 8.2045 8.9380 0.3554
11.0360 8.2045 8.9380 0.3554
11.0360 8.2045 8.9380 0.3554
11.0360 8.2045 8.9380 0.3554
11.0360 8.2045 8.9404 0.3576
11.0360 8.2045 8.9453 0.3583
11.0360 8.2045 8.9468 0.3571
11.0360 8.2045 8.9516 0.3574
11.0360 8.2045 8.9516 0.3574
11.0360 8.2045 8.9517 0.3574
11.0360 8.2045 8.9517 0.3574
11.0360 8.2045 8.9519 0.3576
11.0360 8.2045 8.9568 0.3559
11.0360 8.2045 8.9629 0.3533
11.0360 8.2045 8.9688 0.3500
11.0360 8.2045 8.9688 0.3500
11.0360 8.2045 8.9765 0.3460
11.0360 8.2045 8.9765 0.3460
11.0360 8.2045 8.9765 0.3460
11.0360 8.2045 8.9765 0.3460
11.0360 8.2045 8.9769 0.3454
11.0360 8.2045 8.9775 0.3457
11.0360 8.2045 8.9792 0.3464
11.0360 8.2045 8.9792 0.3464
11.0360 8.2045 8.9794 0.3465
11.0360 8.2045 8.9801 0.3470
11.0360 8.2045 8.9873 0.3439
11.0360 8.2045 8.9890 0.3442
11.0360 8.2045 8.9926 0.3391
11.0811 8.2045 9.0133 0.3977
11.0811 8.2045 9.0133 0.3977
11.0811 8.2045 9.0134 0.3977
11.0811 8.2045 9.0181 0.3964
11.0811 8.2045 9.0181 0.3964
11.0811 8.2045 9.0181 0.3964
11.0811 8.2045 9.0183 0.3965
11.0811 8.2045 9.0183 0.3965
11.0811 8.2045 9.0259 0.3905
11.0811 8.2045 9.0294 0.3897
11.0811 8.2045 9.0302 0.3899
11.0811 8.2045 9.0304 0.3898
11.0811 8.2045 9.0477 0.4302
11.0811 8.2045 9.0523 0.4298
11.0811 8.2045 9.0595 0.4260
11.0811 8.2045 9.0652 0.4235
11.0811 8.2045 9.0652 0.4235
11.0811 8.2045 9.0652 0.4235
11.0811 8.2045 9.0701 0.4208
11.0811 8.2045 9.0701 0.4208
11.0811 8.2045 9.0701 0.4208
11.0811 8.2045 9.0702 0.4209
11.0811 8.2045 9.0702 0.4209
11.0811 8.2045 9.0702 0.4209
11.0811 8.2045 9.0702 0.4209
11.0811 8.2045 9.0756 0.4181
11.0811 8.2045 9.0757 0.4181
11.0811 8.2045 9.0757 0.4181
11.0811 8.2045 9.0762 0.4182
11.0811 8.2045 9.0762 0.4182
11.0811 8.2045 9.0764 0.4182
11.0811 8.2045 9.0765 0.4182
11.0811 8.2045 9.0765 0.4182
11.0811 8.2045 9.0765 0.4182
11.0811 8.2045 9.0765 0.4182
11.0811 8.2045 9.0765 0.4182
11.0811 8.2045 9.0765 0.4182
11.0811 8.2045 9.0765 0.4182
11.0811 8.2045 9.0774 0.4222
11.0811 8.2045 9.0780 0.4251
11.0811 8.2045 9.0785 0.4252
11.0811 8.2045 9.0785 0.4252
11.0811 8.2045 9.0844 0.4209
11.0811 8.2045 9.0853 0.4213
11.0811 8.2045 9.0862 0.4214
11.0811 8.2045 9.0870 0.4210
11.1194 8.2045 9.1077 0.4670
11.1194 8.2045 9.1147 0.4631
11.1194 8.2045 9.1147 0.4631
11.1194 8.2045 9.1147 0.4631
11.1194 8.2045 9.1160 0.4630
