18.1914 0.0100 1.4684 3.0256
18.1986 0.0100 1.6496 3.4502
18.1986 0.0100 1.6970 3.4610
18.1986 0.0100 1.8137 3.5003
18.1986 0.0100 1.9449 3.5651
18.1986 0.0100 2.0206 3.6050
18.1986 0.0100 2.0678 3.6092
18.1986 0.0100 2.1142 3.6133
18.1986 0.0100 2.2569 3.8043
18.1986 0.0100 2.3456 3.8486
18.1986 0.0100 2.3930 3.8487
18.1986 0.0100 2.4225 3.8776
18.1986 0.0100 2.4303 3.8830
18.1986 0.0100 2.5287 3.8840
18.1986 0.0100 2.6714 4.0476
18.1986 0.0100 2.7650 4.0400
18.1986 0.0100 2.8122 4.0351
18.1986 0.0100 2.8590 4.0839
18.1986 0.0100 3.0262 4.3004
18.1986 0.0100 3.1594 4.4099
18.1986 0.0100 3.3532 4.6706
18.1986 0.0100 3.3999 4.6610
18.1986 0.0100 3.5691 4.8387
18.1986 0.0100 3.6283 4.8310
18.1986 0.0100 3.7308 4.8078
18.5441 0.0100 3.9177 5.0143
18.5441 0.0100 3.9528 5.0321
18.5441 0.0100 3.9960 5.0640
18.5441 0.0100 4.0418 5.0484
18.5441 0.0100 4.0811 5.1178
18.5441 0.0100 4.1684 5.2019
21.4255 0.0100 4.3826 5.4607
21.4255 0.0100 4.5142 5.5121
21.4255 0.0100 4.5613 5.4935
21.4255 0.0100 4.5618 5.4935
21.4255 0.0100 4.5618 5.4935
21.4255 0.0100 4.6563 5.4957
21.4255 0.0100 4.6571 5.4957
21.4255 0.0100 4.7070 5.5961
23.3155 0.0100 4.7616 5.7486
23.3155 0.0100 4.8122 5.7288
23.3155 0.0100 4.8787 5.6955
23.3155 0.0100 5.0751 5.8629
23.3155 0.0100 5.1787 5.9016
23.3155 0.0100 5.2805 5.9006
23.3155 0.0100 5.3389 5.8771
23.3155 0.0100 5.3538 5.8763
23.3155 0.0100 5.4976 5.8326
23.3155 0.0100 5.5102 5.8320
23.3155 0.0100 5.6092 5.8218
25.8715 0.0100 5.7753 6.2618
25.8715 0.0100 5.8166 6.3023
25.8715 0.0100 6.0019 6.4006
25.8715 0.0100 6.0294 6.4043
25.8715 0.0100 6.1502 6.3909
25.8715 0.0100 6.2092 6.3619
25.8715 0.0100 6.2940 6.3362
25.8715 0.0100 6.3559 6.3458
25.8715 0.0100 6.4502 6.2855
25.8715 0.0100 6.6019 6.3901
25.8715 0.0100 6.6729 6.3558
25.8715 0.0100 6.7452 6.3206
25.8715 0.0100 6.8174 6.3483
25.8715 0.0100 6.8983 6.5187
25.8715 0.0100 6.9914 6.4860
25.8715 0.0100 7.2483 6.4603
25.8715 0.0100 7.4001 6.4668
25.8715 0.0100 7.5860 6.5197
25.8715 0.0100 7.6768 6.5420
25.8715 0.0100 7.6776 6.5423
25.8715 0.0100 7.9103 6.6782
25.8715 0.0100 7.9790 6.6318
25.8715 0.0100 8.0604 6.6416
25.8715 0.0100 8.1932 6.6059
25.8715 0.0100 8.3291 6.6728
25.8715 0.0100 8.3844 6.6264
25.8715 0.0100 8.4429 6.5788
25.8715 0.0100 8.5469 6.6014
25.8715 0.0100 8.7321 6.6191
28.0598 0.0100 8.9603 6.8828
28.0598 0.0100 9.1379 6.8160
28.0598 0.0100 9.1521 6.8149
28.0598 0.0100 9.1878 6.8069
28.0598 0.0100 9.2534 6.8321
28.0598 0.0100 9.3485 6.9630
28.0598 0.0100 9.3485 6.9630
28.0598 0.0100 9.3567 6.9580
28.0598 0.0100 9.4092 6.9433
28.0598 0.0100 9.4900 6.9545
28.0598 0.0100 9.4942 6.9580
28.0598 0.0100 9.5821 6.8944
28.0598 0.0100 9.6403 6.8377
28.0598 0.0100 9.6690 6.8515
28.0598 0.0100 9.9001 6.9113
28.0598 0.0100 9.9001 6.9113
28.0598 0.0100 9.9096 6.9083
28.0598 0.0100 10.0098 6.9100
28.0598 0.0100 10.0156 6.9058
28.0598 0.0100 10.1172 6.8250
28.0598 0.0100 10.1210 6.8225
28.0598 0.0100 10.1277 6.8381
28.0598 0.0100 10.1332 6.8483
28.0598 0.0100 10.1991 6.8281
28.0598 0.0100 10.2433 6.8400
28.0598 0.0100 10.3157 6.8754
28.0598 0.0100 10.3347 6.8613
28.0598 0.0100 10.4318 6.8480
28.0598 0.0100 10.4928 6.9319
28.0598 0.0100 10.4928 6.9319
28.0598 0.0100 10.5872 6.8198
28.0598 0.0100 10.5872 6.8198
28.0598 0.0100 10.6850 6.7356
28.0598 0.0100 10.8682 6.6917
28.0598 0.0100 10.8775 6.6995
28.0598 0.0100 10.8775 6.6995
28.0598 0.0100 10.9000 6.6868
28.0598 0.0100 10.9472 6.6262
28.0598 0.0100 11.0456 6.6062
28.0598 0.0100 11.2759 6.6216
28.0598 0.0100 11.3230 6.5974
28.0598 0.0100 11.4706 6.6716
28.0598 0.0100 11.5166 6.6712
28.0598 0.0100 11.5530 6.6902
28.0598 0.0100 11.6091 6.6853
28.0598 0.0100 11.6462 6.6871
28.0598 0.0100 11.7117 6.6757
28.0598 0.0100 11.8081 6.6801
28.0598 0.0100 11.8285 6.7030
28.0598 0.0100 11.9785 6.7102
28.0598 0.0100 12.0061 6.6893
28.0598 0.0100 12.0914 6.6572
28.0598 0.0100 12.2432 6.7385
28.0598 0.0100 12.3724 6.7164
28.0598 0.0100 12.5213 6.8486
28.0598 0.0100 12.5213 6.8486
28.0598 0.0100 12.5596 6.8993
28.0598 0.0100 12.6081 6.8276
28.0598 0.0100 12.6151 6.8324
28.0598 0.0100 12.7257 6.7933
28.0598 0.0100 12.8187 6.8109
28.0598 0.0100 12.8841 6.8012
28.0598 0.0100 13.0440 6.8238
28.0598 0.0100 13.0440 6.8238
28.0598 0.0100 13.2868 6.7897
28.0598 0.0100 13.2879 6.7884
28.0598 0.0100 13.2879 6.7884
28.0598 0.0100 13.3588 6.6856
28.0598 0.0100 13.3812 6.6607
28.0598 0.0100 13.5591 6.8111
28.0598 0.0100 13.6445 6.7604
28.0598 0.0100 13.6445 6.7604
28.0598 0.0100 13.6482 6.7605
28.0598 0.0914 13.7988 6.6211
28.0598 0.0914 13.8138 6.6411
29.1028 0.0914 13.9957 6.8769
29.1028 0.0914 14.0466 6.9691
29.1028 0.0914 14.1699 6.9265
29.1028 0.0914 14.2041 6.9621
29.1028 0.0914 14.3578 6.9389
29.1028 0.0914 14.5023 6.9107
29.1028 0.0914 14.5306 6.8885
29.1028 0.0914 14.6756 7.0564
29.1028 0.0914 14.7309 7.1064
29.1028 0.0914 14.7688 7.0902
29.1028 0.0914 14.7829 7.0897
29.1028 0.0914 14.8117 7.0649
29.1028 0.0914 14.9301 7.0461
29.1028 0.0914 14.9683 7.0079
29.1028 0.0914 15.0954 7.0267
29.1028 4.3599 15.1656 6.9106
36.8156 4.3599 15.4076 7.1744
36.8156 4.3599 15.5680 7.1664
36.8156 4.3599 15.5918 7.1897
36.8156 4.3599 15.5918 7.1897
36.8156 4.3599 15.6333 7.2020
36.8156 4.3599 15.7914 7.1894
36.8156 4.3599 15.8419 7.2049
36.8156 4.3599 15.9255 7.1235
36.8156 4.3599 15.9641 7.1271
36.8156 4.7264 16.0380 7.0442
36.8156 4.7264 16.0465 7.0414
36.8156 4.7264 16.1075 7.0403
36.8156 4.7264 16.1075 7.0403
36.8156 4.7264 16.1347 7.0311
36.8156 4.7264 16.2465 7.0391
36.8156 4.7264 16.2465 7.0391
36.8156 4.7264 16.3044 7.0065
36.8156 4.7264 16.3867 6.9779
36.8156 4.7264 16.3867 6.9779
36.8156 4.7264 16.5275 7.0176
36.8156 4.7264 16.7346 7.0043
36.8156 4.7264 16.9204 6.9513
36.8156 4.7264 16.9774 6.9482
36.8156 4.7264 17.0403 6.9844
36.8156 4.7264 17.0771 6.9810
36.8156 4.7264 17.1044 6.9790
36.8156 4.7264 17.1367 6.9863
36.8156 4.7264 17.1701 7.0146
36.8156 4.7264 17.2811 7.0055
36.8156 4.7264 17.3540 6.9364
36.8156 4.7264 17.4638 6.8878
36.8156 4.7264 17.4981 6.8586
36.8156 4.7264 17.4981 6.8586
36.8156 4.7264 17.5178 6.8347
36.8156 4.7264 17.5936 6.9329
36.8156 4.7264 17.7494 6.8349
36.8156 4.7264 17.8315 6.8543
36.8156 4.7264 17.8639 6.8747
36.8156 4.7264 17.9602 6.8011
36.8156 4.7264 17.9602 6.8011
36.8156 4.7264 17.9641 6.8044
36.8156 4.7264 17.9733 6.8108
36.8156 4.7264 18.0127 6.8559
40.9075 4.7264 18.2235 7.2227
40.9075 4.7264 18.2348 7.2299
40.9075 4.7264 18.3167 7.2768
40.9075 4.7264 18.3205 7.2799
40.9075 4.7264 18.3703 7.2034
40.9075 4.7264 18.4662 7.2161
40.9075 4.7264 18.5575 7.1148
40.9075 4.7264 18.6827 7.0699
40.9075 4.7264 18.6827 7.0699
40.9075 4.7264 18.7291 7.0566
40.9075 4.7264 18.7889 7.0360
40.9075 4.7264 18.8002 7.0438
40.9075 4.7264 18.9085 6.9620
40.9075 4.7264 18.9365 6.9430
40.9075 4.7264 19.0370 7.0152
40.9075 4.7264 19.0370 7.0152
40.9075 4.7264 19.0812 6.9773
40.9075 4.7264 19.1133 6.9184
40.9075 4.7264 19.1172 6.9165
40.9075 4.7264 19.1172 6.9165
40.9075 4.7264 19.2320 6.9897
40.9075 4.7264 19.4578 7.2005
40.9075 4.7264 19.5617 7.0609
40.9075 4.7264 19.7841 7.1535
40.9075 4.7264 19.9350 7.1616
40.9075 4.7264 20.0085 7.1107
40.9075 4.7264 20.0085 7.1108
40.9075 4.7264 20.0829 7.1179
40.9075 4.7264 20.0829 7.1179
40.9075 4.7264 20.1497 7.1225
40.9075 4.7264 20.2184 7.1229
40.9075 4.7264 20.2477 7.1292
40.9075 4.7264 20.4353 6.9647
40.9075 4.7264 20.4676 6.9814
40.9075 4.7264 20.4676 6.9814
40.9075 4.7264 20.5167 6.9829
40.9075 4.7264 20.6410 7.0133
40.9075 4.7264 20.7853 7.1120
40.9075 4.7264 20.7853 7.1120
40.9075 4.7264 20.9062 7.1191
40.9075 4.7264 20.9062 7.1191
40.9075 4.7264 20.9098 7.1209
40.9075 4.7264 20.9331 7.1057
40.9075 4.7264 20.9331 7.1057
40.9075 4.7264 21.0169 7.0934
40.9075 4.7264 21.1362 7.0605
40.9075 4.7264 21.3793 7.0959
40.9075 4.7264 21.4449 7.1419
40.9075 4.7264 21.5218 7.2289
40.9075 4.7264 21.5898 7.1879
40.9075 4.7264 21.5972 7.1899
40.9075 4.7264 21.6253 7.2562
40.9075 4.7264 21.6414 7.2610
40.9075 4.7264 21.6659 7.2903
40.9075 4.7264 21.6796 7.2793
40.9075 4.7264 21.6836 7.2835
40.9075 4.7264 21.8943 7.5277
40.9075 4.7264 21.9262 7.5239
40.9075 4.7264 21.9849 7.5592
40.9075 4.7264 22.0134 7.5332
40.9075 4.7264 22.0290 7.5441
40.9075 4.7264 22.0701 7.5458
40.9075 4.7264 22.0739 7.5521
40.9075 4.7264 22.1939 7.5809
40.9075 4.7264 22.2706 7.4420
40.9075 4.7264 22.2877 7.4457
40.9075 4.7264 22.4962 7.6080
40.9075 4.7264 22.5564 7.6009
40.9075 4.7264 22.6315 7.6225
40.9075 4.7264 22.7659 7.6065
40.9075 4.7264 22.7745 7.6074
40.9075 4.7264 22.9301 7.6466
40.9075 4.7264 23.0108 7.6207
40.9075 4.7264 23.1255 7.7223
40.9075 4.7264 23.1507 7.7292
40.9075 4.7264 23.2933 7.7112
40.9075 4.7264 23.3798 7.7484
40.9075 4.7264 23.3845 7.7512
40.9075 4.7264 23.4929 7.6716
40.9075 4.7264 23.5347 7.7266
40.9075 4.7264 23.5935 7.7062
40.9075 4.7264 23.6646 7.7771
40.9075 4.7264 23.8664 7.8255
40.9075 4.7264 23.8664 7.8255
40.9075 4.7264 23.8664 7.8255
40.9075 4.7264 23.9104 7.8365
40.9075 4.7264 23.9145 7.8343
40.9075 4.7264 23.9145 7.8343
40.9075 4.7264 23.9155 7.8344
40.9075 4.7264 23.9662 7.8450
40.9075 4.7264 23.9675 7.8449
40.9075 4.7264 24.1629 7.9050
40.9075 4.7264 24.2473 7.8005
40.9075 4.7264 24.2473 7.8005
40.9075 4.7264 24.2713 7.7970
40.9075 4.7264 24.4201 7.6299
40.9075 4.7264 24.5218 7.6908
40.9075 4.7264 24.5218 7.6908
40.9075 4.7264 24.5681 7.6733
40.9075 4.7264 24.5695 7.6753
40.9075 4.7264 24.7136 7.5385
40.9075 4.7264 24.7230 7.5508
40.9075 4.7264 24.7230 7.5508
40.9075 4.7264 24.7230 7.5508
40.9075 4.7264 24.7359 7.5495
40.9075 4.7264 24.7359 7.5495
40.9075 4.7264 24.7456 7.5544
46.2912 4.7264 25.0776 7.7615
46.2912 4.7264 25.2007 7.5320
46.2912 4.7264 25.2007 7.5320
46.2912 4.7264 25.3104 7.5344
46.2912 4.7264 25.5413 7.8148
46.2912 5.9944 25.5540 7.7820
46.2912 5.9944 25.5615 7.7795
46.2912 5.9944 25.5702 7.7780
46.2912 5.9944 25.6579 7.8229
46.2912 5.9944 25.7894 7.8473
46.2912 5.9944 25.8903 7.7568
46.2912 5.9944 25.9405 7.7627
46.2912 5.9944 26.0547 7.8653
46.2912 5.9944 26.1362 7.8925
46.2912 7.1048 26.3780 7.6424
46.2912 7.1048 26.5275 7.7507
46.2912 7.1048 26.5275 7.7507
46.2912 7.1048 26.5275 7.7507
46.2912 7.1048 26.7304 7.5637
46.2912 7.1048 26.8408 7.5907
46.2912 7.1048 26.8839 7.6159
46.2912 7.1048 26.9907 7.5978
46.2912 7.1048 27.0692 7.6788
46.2912 7.1048 27.0692 7.6788
46.2912 7.1048 27.1257 7.6501
46.2912 7.1048 27.1556 7.6766
46.2912 7.1048 27.2129 7.6677
46.2912 7.1048 27.2129 7.6677
46.2912 7.1048 27.2805 7.7172
46.2912 7.1048 27.2858 7.7151
46.2912 7.1048 27.4031 7.7435
46.2912 7.1048 27.5739 7.8922
46.2912 7.1048 27.5739 7.8922
46.2912 7.1048 27.6144 7.8560
46.2912 7.1048 27.6246 7.8666
46.2912 7.1048 27.6577 7.8773
46.2912 7.1048 27.8929 7.9200
46.2912 7.1048 27.9772 7.9291
46.2912 7.1048 28.1482 7.6753
46.2912 7.1048 28.1955 7.6951
46.2912 7.1048 28.2138 7.6839
46.2912 7.1048 28.2893 7.6028
46.8813 7.1048 28.4132 7.8101
46.8813 7.1048 28.4133 7.8102
46.8813 7.1048 28.4171 7.8106
46.8813 7.1048 28.4171 7.8106
46.8813 7.1048 28.4171 7.8106
46.8813 7.1048 28.4481 7.8612
46.8813 7.1048 28.5529 7.9274
46.8813 7.1048 28.5529 7.9274
46.8813 7.1048 28.5578 7.9247
46.8813 7.1048 28.5869 7.9194
46.8813 7.1048 28.5899 7.9179
46.8813 7.1048 28.5899 7.9179
46.8813 7.1048 28.6573 7.9018
46.8813 7.1048 28.7878 7.7592
46.8813 7.6597 28.9399 7.4767
46.8813 7.6597 29.1434 7.6101
46.8813 7.6597 29.3224 7.7009
46.8813 7.6597 29.3893 7.6935
46.8813 7.6597 29.4753 7.7586
46.8813 7.6597 29.4965 7.7639
46.8813 7.6597 29.5285 7.7960
46.8813 7.6597 29.5865 7.8917
46.8813 7.6597 29.5865 7.8917
46.8813 7.6597 29.6820 7.8893
46.8813 7.6597 29.7043 7.8683
46.8813 7.6597 29.7043 7.8683
46.8813 7.6597 29.7580 7.8525
46.8813 7.6597 29.8473 7.9572
46.8813 7.6597 30.0172 7.8625
46.8813 7.6597 30.0172 7.8625
46.8813 7.6597 30.1412 7.9353
46.8813 7.6597 30.2336 7.8508
46.8813 7.6597 30.2344 7.8506
46.8813 7.6597 30.2344 7.8506
46.8813 7.6597 30.2730 7.8709
46.8813 7.6597 30.5243 8.0257
46.8813 7.6597 30.5243 8.0257
46.8813 7.6597 30.5268 8.0275
46.8813 7.6597 30.5927 8.0344
46.8813 7.6597 30.7315 8.1932
46.8813 7.6597 30.9048 8.2476
46.8813 7.6597 30.9420 8.2910
46.8813 7.6597 30.9420 8.2910
46.8813 7.6597 30.9870 8.2599
46.8813 7.6597 30.9909 8.2591
46.8813 7.6597 30.9914 8.2592
46.8813 7.6597 31.0630 8.2746
46.8813 7.6597 31.1373 8.2568
46.8813 7.6597 31.1373 8.2568
46.8813 7.6597 31.2507 8.2417
46.8813 7.6597 31.2703 8.2197
46.8813 7.6597 31.2942 8.2277
46.8813 7.6597 31.3819 8.1284
46.8813 7.6597 31.5000 8.0976
46.8813 7.6597 31.5085 8.1091
46.8813 7.6597 31.5113 8.1097
46.8813 7.6597 31.5117 8.1102
46.8813 7.6597 31.5117 8.1102
46.8813 7.6597 31.5117 8.1102
46.8813 7.6597 31.5228 8.1042
46.8813 7.6597 31.5430 8.0854
46.8813 7.6597 31.5430 8.0854
46.8813 7.6597 31.5740 8.0127
46.8813 7.6597 31.7208 7.9094
46.8813 7.6597 31.7725 7.9522
46.8813 7.6597 31.9126 7.7627
46.8813 7.6597 31.9136 7.7643
46.8813 7.6597 32.0106 7.7307
46.8813 7.6597 32.0164 7.7385
46.8813 7.6597 32.0947 7.8066
46.8813 7.6597 32.0947 7.8066
46.8813 7.6597 32.0956 7.8071
46.8813 7.6597 32.1409 7.7942
46.8813 7.6597 32.1728 7.7655
46.8813 7.6597 32.1728 7.7655
46.9061 7.6597 32.1730 7.7660
46.9061 7.6597 32.2961 7.7821
46.9061 7.6597 32.2961 7.7821
46.9061 7.6597 32.3476 7.7086
46.9061 7.6597 32.4982 7.4617
46.9061 7.6597 32.4982 7.4617
46.9061 7.6597 32.5752 7.5420
46.9061 7.6597 32.5756 7.5419
46.9061 7.6597 32.6123 7.5577
46.9061 7.6597 32.6123 7.5577
46.9061 7.6597 32.6123 7.5577
46.9061 7.6597 32.6649 7.6110
46.9061 7.6597 32.7878 7.7108
46.9061 7.6597 32.7878 7.7108
46.9061 7.6597 32.7891 7.7097
46.9061 7.6597 32.8483 7.7945
46.9061 7.6597 32.8758 7.8085
46.9061 7.6597 32.8772 7.8076
46.9061 7.6597 32.9533 7.7608
46.9061 7.6597 32.9915 7.7461
46.9061 7.6597 33.0364 7.7059
46.9061 7.6597 33.1389 7.7577
46.9061 7.6597 33.1389 7.7577
46.9061 7.6597 33.2624 7.7071
46.9061 7.6597 33.2802 7.6898
46.9061 7.6597 33.2865 7.6985
46.9061 7.6597 33.3681 7.7982
46.9061 7.6597 33.4948 7.9129
46.9061 7.6597 33.6859 7.8876
46.9061 7.6597 33.6919 7.8888
46.9061 7.6597 33.6969 7.8862
46.9061 7.6597 33.8675 7.7432
46.9061 7.6597 34.0845 7.7845
46.9061 7.6597 34.1366 7.7325
46.9061 7.6597 34.3742 7.7554
46.9061 7.6597 34.3742 7.7554
46.9061 7.6597 34.3742 7.7554
46.9061 7.6597 34.4134 7.7541
46.9061 7.6597 34.4226 7.7552
46.9061 7.6597 34.4226 7.7552
46.9061 7.6597 34.4296 7.7494
46.9061 7.6597 34.4894 7.7849
46.9061 7.6597 34.5154 7.7720
46.9061 7.6597 34.5916 7.7511
46.9061 7.6597 34.5916 7.7511
46.9061 7.6597 34.5916 7.7511
46.9061 7.6597 34.5969 7.7561
46.9061 7.6597 34.5969 7.7561
46.9061 7.6597 34.5969 7.7561
46.9061 7.6597 34.5969 7.7561
46.9061 7.6597 34.7432 7.7588
46.9061 7.6597 34.7480 7.7635
46.9061 7.6597 34.7589 7.7553
46.9061 7.6597 34.7617 7.7549
46.9061 7.6597 34.7617 7.7549
46.9061 7.6597 34.7617 7.7549
46.9061 7.6597 34.7617 7.7549
46.9061 7.6597 34.8760 7.8370
46.9061 7.6597 34.8970 7.8590
46.9061 7.6597 35.0009 7.8879
46.9061 7.6597 35.1071 7.8722
46.9061 7.6597 35.1076 7.8723
46.9061 7.6597 35.1219 7.8711
