4.2396 0.0100 0.3316 0.6854
5.3869 0.0100 0.4043 0.9354
5.3869 0.0100 0.4149 0.9370
5.3869 0.0100 0.4409 0.9434
5.3869 0.0100 0.4714 0.9562
5.3869 0.0100 0.4901 0.9654
5.3869 0.0100 0.5003 0.9657
5.3869 0.0100 0.5105 0.9659
5.3869 0.0100 0.5502 1.0242
5.3869 0.0100 0.5777 1.0421
5.3869 0.0100 0.5874 1.0413
5.3869 0.0100 0.5975 1.0504
5.3869 0.0100 0.6005 1.0521
5.3869 0.0100 0.6321 1.0606
5.3869 0.0100 0.6717 1.1096
5.3869 0.0100 0.6922 1.1067
5.3869 0.0100 0.7025 1.1051
5.3869 0.0100 0.7157 1.1169
5.3869 0.0100 0.7581 1.1687
5.3869 0.0100 0.7784 1.1731
5.3869 0.0100 0.7990 1.1684
5.3869 0.0100 0.7990 1.1684
5.3869 0.0100 0.8009 1.1672
5.3869 0.0100 0.8219 1.1623
5.3869 0.0100 0.8996 1.2333
5.3869 0.0100 0.9266 1.2282
5.3869 0.0100 0.9325 1.2343
5.3869 0.0100 0.9428 1.2308
6.2873 0.0100 1.0023 1.3445
6.2873 0.0100 1.0073 1.3467
6.2873 0.0100 1.0073 1.3467
6.2873 0.0100 1.0073 1.3467
6.2873 0.0100 1.0180 1.3430
6.2873 0.0100 1.0604 1.3770
6.2873 0.0100 1.0709 1.3730
6.2873 0.0100 1.0754 1.3747
6.2873 0.0100 1.0887 1.3708
6.2873 0.0100 1.1288 1.4077
6.2873 0.0100 1.1505 1.4192
6.9504 0.0100 1.2023 1.5240
6.9504 0.0100 1.2358 1.5189
6.9504 0.0100 1.2463 1.5141
6.9504 0.0100 1.2682 1.5131
6.9504 0.0100 1.2897 1.5103
6.9504 0.0100 1.2899 1.5104
6.9504 0.0100 1.3001 1.5052
6.9504 0.0100 1.3311 1.4945
6.9504 0.0100 1.3856 1.5886
6.9504 0.0100 1.3918 1.5939
6.9504 0.0100 1.3918 1.5939
6.9504 0.0100 1.4248 1.6403
6.9504 0.0100 1.4300 1.6442
6.9504 0.0100 1.4817 1.6491
6.9504 0.0100 1.4905 1.6491
6.9504 0.0100 1.5422 1.6583
6.9504 0.0100 1.5817 1.6658
6.9504 0.0100 1.5922 1.6648
6.9504 0.0100 1.6051 1.6575
6.9504 0.0100 1.6254 1.6501
6.9504 0.0100 1.6659 1.6917
6.9504 0.0100 1.6873 1.6841
6.9504 0.0100 1.6897 1.6876
6.9504 0.0100 1.7014 1.6800
6.9504 0.0100 1.7366 1.7024
6.9504 0.0100 1.7458 1.7028
6.9504 0.0100 1.7585 1.7024
6.9504 0.0100 1.8234 1.7574
6.9504 0.0100 1.8688 1.7687
6.9504 0.0100 1.9384 1.8220
6.9504 0.0100 1.9650 1.8033
6.9504 0.0100 1.9875 1.7931
6.9950 0.0100 1.9880 1.7944
6.9950 0.0100 2.0441 1.8444
6.9950 0.0100 2.0755 1.8550
6.9950 0.0100 2.0755 1.8550
6.9950 0.0100 2.1154 1.8531
6.9950 0.0100 2.1492 1.8297
6.9950 0.0100 2.1723 1.8417
6.9950 0.0100 2.1814 1.8399
6.9950 0.0100 2.1814 1.8399
6.9950 0.0100 2.2223 1.8812
6.9950 0.0100 2.2223 1.8812
6.9950 0.0100 2.2223 1.8812
6.9950 0.0100 2.2325 1.8934
6.9950 0.0100 2.2473 1.8820
6.9950 0.0100 2.2798 1.8713
6.9950 0.0100 2.3447 1.9320
6.9950 0.0100 2.3721 1.9143
6.9950 0.0100 2.3844 1.9094
6.9950 0.0100 2.4048 1.9205
6.9950 0.0100 2.4591 1.9171
6.9950 0.0100 2.5066 1.9148
6.9950 0.0100 2.5119 1.9138
6.9950 0.0100 2.5119 1.9138
6.9950 0.0100 2.5624 1.9138
6.9950 0.0100 2.5687 1.9099
6.9950 0.0100 2.5687 1.9099
6.9950 0.0100 2.5964 1.9089
6.9950 0.0100 2.6299 1.9352
6.9950 0.0100 2.6405 1.9354
6.9950 0.0100 2.6408 1.9360
6.9950 0.0100 2.6548 1.9591
6.9950 0.0100 2.6833 1.9753
6.9950 0.0100 2.6920 1.9884
6.9950 0.0100 2.7390 2.0027
6.9950 0.0100 2.7476 1.9972
6.9950 0.0100 2.7476 1.9972
6.9950 0.0100 2.7476 1.9972
6.9950 0.0100 2.7867 2.0068
6.9950 0.0100 2.8044 1.9900
6.9950 0.0100 2.8454 1.9741
6.9950 0.0100 2.8857 1.9880
6.9950 0.0100 2.9213 2.0120
6.9950 0.0100 2.9609 1.9921
6.9950 0.0100 2.9758 1.9833
6.9950 0.0100 2.9882 1.9718
6.9950 0.0100 2.9934 1.9797
7.0160 0.0100 3.0578 2.0481
7.0292 0.0100 3.1006 2.0767
7.0292 0.0100 3.1006 2.0767
7.0292 0.0100 3.1006 2.0767
7.0292 0.0100 3.1088 2.0703
7.0292 0.0100 3.1363 2.0749
7.0292 0.0100 3.1625 2.0647
7.0292 0.0100 3.1625 2.0647
7.0292 0.0100 3.1668 2.0625
7.0292 0.0100 3.1669 2.0624
7.0292 0.0100 3.2074 2.0587
7.0292 0.0100 3.2107 2.0555
7.0292 0.0100 3.2690 2.0379
7.0292 0.0100 3.2943 2.0421
7.0292 0.0100 3.3043 2.0334
7.0292 0.0100 3.3560 2.0145
7.0292 0.0100 3.3876 1.9864
7.0292 0.0100 3.3990 1.9799
7.0292 0.0100 3.4345 1.9904
7.0292 0.0100 3.4385 1.9876
7.0292 0.0100 3.4618 1.9792
7.0292 0.0100 3.4798 1.9652
7.0292 0.0100 3.4844 1.9694
7.0292 0.0100 3.4918 1.9627
7.0292 0.0100 3.5381 1.9900
7.0292 0.0100 3.5841 1.9610
7.0292 0.0100 3.6132 1.9446
7.0292 0.0100 3.6272 1.9520
7.0292 0.0100 3.6746 1.9533
7.0353 0.0100 3.7028 1.9811
7.0353 0.0100 3.7400 1.9656
7.0353 0.0100 3.7457 1.9715
7.0353 0.0100 3.7645 1.9716
7.0353 0.0100 3.7893 1.9681
7.0353 0.0100 3.7893 1.9681
7.0353 0.0100 3.7972 1.9619
7.0353 0.0100 3.7972 1.9619
7.0353 0.0100 3.8103 1.9623
7.0353 0.0100 3.8460 1.9439
7.0353 0.0100 3.8464 1.9442
7.0353 0.0100 3.8464 1.9442
7.0353 0.0100 3.8717 1.9351
7.0353 0.0100 3.8737 1.9374
7.0353 0.0100 3.8795 1.9298
7.0353 0.0100 3.8937 1.9063
7.0353 0.0100 3.9289 1.9130
7.0353 0.0100 3.9445 1.8990
7.0353 0.0100 3.9488 1.9027
7.0353 0.0100 3.9783 1.8922
7.0353 0.0100 3.9783 1.8922
7.0353 0.0100 3.9919 1.9023
7.0353 0.0100 4.0183 1.8793
7.0353 0.0100 4.0183 1.8793
7.0353 0.0100 4.0239 1.8712
7.0353 0.0100 4.0388 1.8585
7.0353 0.0100 4.0527 1.8707
7.0353 0.0100 4.0997 1.8533
7.1001 0.0100 4.1105 1.8345
7.1001 0.0100 4.1367 1.8547
7.1001 0.0100 4.1500 1.8668
7.1001 0.0100 4.1847 1.8413
7.1001 0.0166 4.2369 1.7957
7.1001 0.0166 4.2399 1.7974
7.1001 0.0166 4.2598 1.7884
7.1001 0.0166 4.2684 1.7779
7.1001 0.0166 4.3098 1.7591
7.1001 0.0166 4.3160 1.7628
7.1001 0.0166 4.3160 1.7628
7.1001 0.0166 4.3268 1.7622
7.1001 0.0166 4.3533 1.7761
7.1001 0.0166 4.3938 1.7513
7.1001 0.0166 4.4299 1.7345
7.1001 1.0082 4.4601 1.6811
7.1001 1.0082 4.4624 1.6813
7.1001 1.0082 4.4742 1.6922
7.1001 1.0082 4.4742 1.6922
7.1001 1.0082 4.4793 1.6946
7.1001 1.0082 4.5163 1.6878
7.1001 1.0082 4.5746 1.6672
7.1001 1.0082 4.6202 1.6624
7.1001 1.0082 4.6272 1.6712
7.1001 1.0082 4.6272 1.6712
7.1001 1.0082 4.6272 1.6712
7.1001 1.0082 4.6536 1.6352
7.1001 1.0082 4.6634 1.6336
7.1001 1.0082 4.6819 1.6163
7.1001 1.0082 4.6819 1.6163
7.1001 1.0082 4.7056 1.6115
7.1001 1.0082 4.7083 1.6135
7.1001 1.0082 4.7083 1.6135
7.1001 1.0082 4.7545 1.6125
7.1001 1.0082 4.8082 1.6066
7.1001 1.0082 4.8082 1.6066
7.1001 1.0082 4.8082 1.6066
7.1001 1.0082 4.8278 1.6189
7.1001 1.0082 4.8527 1.6097
7.1001 1.0082 4.8733 1.6081
7.1001 1.0082 4.8978 1.6009
7.1001 1.0082 4.9042 1.5866
7.1001 1.0082 4.9245 1.5969
7.1001 1.0082 4.9304 1.5994
7.1001 1.0082 4.9636 1.5944
7.1001 1.0082 4.9966 1.5735
7.1001 1.0082 5.0214 1.5772
7.1001 1.0082 5.0393 1.5745
7.1001 1.0082 5.0462 1.5754
7.1001 1.0082 5.0474 1.5766
7.1001 1.0082 5.0578 1.5602
7.1001 1.0082 5.0706 1.5630
7.1001 1.0082 5.1031 1.5757
7.1001 1.0082 5.1145 1.5634
7.1001 1.0082 5.1365 1.5585
7.1001 1.0082 5.1502 1.5583
7.1001 1.0082 5.1502 1.5583
7.1001 1.0082 5.1502 1.5583
7.1001 1.0082 5.1541 1.5596
7.1001 1.0082 5.1949 1.5808
7.1001 1.0082 5.2041 1.5866
7.1001 1.0082 5.2108 1.5895
7.1001 1.0082 5.2108 1.5895
7.1001 1.0082 5.2225 1.5844
7.1001 1.0082 5.2225 1.5844
7.1001 1.0082 5.2225 1.5844
7.1001 1.0082 5.2315 1.5893
7.1001 1.0082 5.2648 1.5807
7.1001 1.0082 5.2662 1.5811
7.1001 1.0082 5.2752 1.5851
7.1001 1.0082 5.2767 1.5860
7.1001 1.0082 5.3023 1.5621
7.1001 1.0082 5.3030 1.5625
7.1001 1.0082 5.3037 1.5628
7.1001 1.0082 5.3110 1.5664
7.1001 1.0366 5.3445 1.5103
7.1001 1.0366 5.3445 1.5103
7.1001 1.0366 5.3456 1.5113
7.1001 1.0366 5.3456 1.5113
7.1001 1.0366 5.3596 1.5076
7.1001 1.0366 5.3659 1.5124
7.1001 1.0366 5.4138 1.4682
7.1001 1.0366 5.4171 1.4665
7.1001 1.0366 5.4226 1.4687
7.1001 1.0366 5.4287 1.4742
7.1001 1.0366 5.4605 1.4263
7.1001 1.0366 5.4625 1.4255
7.1001 1.0366 5.4625 1.4255
7.1001 1.0366 5.4672 1.4288
7.1001 1.0366 5.5126 1.3994
7.1001 1.0366 5.5299 1.3967
7.1001 1.0366 5.5299 1.3968
7.1001 1.0366 5.5406 1.3975
7.1001 1.0366 5.5570 1.4011
7.1001 1.0366 5.5665 1.4029
7.1001 1.0366 5.5714 1.4072
7.1001 1.0366 5.5720 1.4070
7.1001 1.0366 5.5720 1.4070
7.1001 1.0366 5.5720 1.4070
7.1001 1.0366 5.5722 1.4072
7.2314 1.0366 5.5775 1.4124
7.2314 1.0366 5.6200 1.3769
7.2314 1.0366 5.6597 1.3253
7.2314 1.0366 5.6606 1.3259
7.2314 1.0366 5.6670 1.3305
7.2314 1.0366 5.6774 1.3234
7.2314 1.0366 5.6774 1.3234
7.2314 1.0366 5.6774 1.3234
7.2314 1.0366 5.7119 1.3101
7.2314 1.2238 5.7147 1.3032
7.2314 1.2238 5.7536 1.2778
7.2314 1.2238 5.7631 1.2799
7.2314 1.2238 5.7631 1.2799
7.3329 1.2238 5.7659 1.2831
7.3329 1.2238 5.7659 1.2831
7.3329 1.2238 5.7659 1.2831
7.3329 1.2238 5.7669 1.2835
7.3329 1.2238 5.7884 1.2699
7.3329 1.2238 5.7884 1.2699
7.3329 1.2238 5.7895 1.2711
7.3329 1.2238 5.7989 1.2744
7.3329 1.2238 5.8040 1.2759
7.3329 1.2238 5.8116 1.2719
7.3329 1.2238 5.8429 1.2451
7.3329 1.2238 5.8430 1.2452
7.3329 1.2238 5.8465 1.2463
7.3329 1.2238 5.8506 1.2480
7.3329 1.2238 5.8506 1.2480
7.3329 1.2238 5.8559 1.2461
7.3329 1.2238 5.8616 1.2491
7.3329 1.2238 5.8632 1.2501
7.3329 1.2238 5.8720 1.2472
7.3329 1.2238 5.8828 1.2144
7.3329 1.2238 5.8956 1.2168
7.3329 1.2238 5.9097 1.2163
7.5226 1.2238 5.9262 1.2268
7.5226 1.2238 5.9294 1.2293
7.5226 1.2238 5.9300 1.2295
7.5226 1.2238 5.9408 1.2279
7.5226 1.2238 5.9408 1.2279
7.5226 1.2238 5.9469 1.2305
7.5226 1.2238 5.9541 1.2367
7.5578 1.2238 5.9687 1.2498
7.5578 1.2238 5.9706 1.2515
7.5578 1.2238 5.9706 1.2515
7.6149 1.2238 5.9711 1.2523
7.6149 1.2238 5.9877 1.2483
7.6149 1.2238 5.9980 1.2565
7.6149 1.2238 5.9980 1.2565
7.6149 1.2238 6.0131 1.2599
7.6149 1.2238 6.0131 1.2599
7.6149 1.2238 6.0191 1.2639
7.6149 1.2238 6.0192 1.2637
7.6149 1.2238 6.0195 1.2638
7.6149 1.3605 6.0758 1.1709
7.6149 2.0699 6.1256 1.0709
7.6149 2.0699 6.1272 1.0724
7.6169 2.0699 6.1400 1.0746
7.6169 2.0699 6.1501 1.0766
7.6169 2.0699 6.1501 1.0766
7.6169 2.0699 6.1501 1.0766
7.6169 2.0699 6.1548 1.0738
7.6169 2.0699 6.1548 1.0738
7.6169 2.0699 6.1688 1.0744
7.6169 2.0699 6.1766 1.0800
7.6169 2.0699 6.1766 1.0800
7.6169 2.0699 6.1849 1.0834
7.6169 2.0699 6.1997 1.0864
7.6169 2.0699 6.1997 1.0864
7.6169 2.0699 6.2061 1.0821
7.6169 2.0699 6.2080 1.0821
7.6169 2.0699 6.2320 1.0840
7.6169 2.0699 6.2320 1.0840
7.6169 2.0699 6.2534 1.0657
7.6169 2.0699 6.2989 1.0082
7.6169 2.0699 6.2989 1.0082
7.6169 2.0699 6.3140 1.0002
7.6169 2.0699 6.3140 1.0002
7.6169 2.0699 6.3229 1.0039
7.6169 2.0699 6.3229 1.0039
7.6169 2.0699 6.3359 0.9800
7.6169 2.0699 6.3435 0.9829
7.6169 2.0699 6.3474 0.9851
7.6169 2.0699 6.3604 0.9846
7.6169 2.0699 6.3815 0.9465
7.6169 2.0699 6.3843 0.9480
7.6169 2.0699 6.3923 0.9541
7.6169 2.0699 6.4065 0.9553
7.6169 2.0699 6.4260 0.9539
7.6169 2.0699 6.4260 0.9539
7.6169 2.0699 6.4350 0.9568
7.6169 2.0699 6.4350 0.9568
7.6169 2.0699 6.4467 0.9549
7.6169 2.0699 6.4498 0.9546
7.6169 2.0699 6.4599 0.9583
7.6169 2.0699 6.4676 0.9508
7.6169 2.0699 6.4679 0.9511
7.6169 2.0699 6.4728 0.9522
7.6169 2.0699 6.4728 0.9522
7.6169 3.0954 6.5245 0.8461
7.8407 3.0954 6.5268 0.8493
7.8407 3.0954 6.5268 0.8493
7.8407 3.0954 6.5441 0.8529
7.8407 3.0954 6.5717 0.8322
7.8407 3.0954 6.5764 0.8343
7.8407 3.0954 6.5774 0.8347
7.8407 3.0954 6.5847 0.8351
7.8407 3.0954 6.5847 0.8351
7.8407 3.0954 6.5895 0.8322
7.8407 3.0954 6.5933 0.8299
7.8407 3.0954 6.5937 0.8301
7.8407 3.0954 6.6089 0.8338
7.8407 3.1032 6.6426 0.7556
7.8407 3.1032 6.6654 0.7248
7.8407 3.1032 6.6670 0.7258
7.8407 3.1032 6.6770 0.7307
7.8407 3.1032 6.6770 0.7307
7.8407 3.1032 6.6798 0.7307
7.8407 3.1032 6.6798 0.7307
7.8407 3.1032 6.6798 0.7307
7.8407 3.1032 6.6891 0.7228
7.8407 3.1032 6.6955 0.7174
7.8407 3.1032 6.6955 0.7174
7.8407 3.1032 6.7064 0.7197
7.8407 3.1032 6.7253 0.7097
7.8407 3.1032 6.7253 0.7097
7.8407 3.1032 6.7253 0.7097
7.8407 3.1032 6.7253 0.7097
7.8407 3.1032 6.7253 0.7097
7.8407 3.1032 6.7286 0.7104
7.8407 3.1032 6.7319 0.7085
7.8407 3.1032 6.7385 0.7095
7.8407 3.1032 6.7469 0.7015
7.8407 3.1032 6.7561 0.7063
7.8407 3.1032 6.7582 0.7075
7.8407 3.1032 6.7588 0.7076
7.8407 3.1032 6.7616 0.7098
7.8407 3.1032 6.7721 0.6932
7.8407 3.1032 6.7721 0.6932
7.8407 3.1032 6.7760 0.6940
7.8407 3.1032 6.7808 0.6970
7.8407 3.1032 6.7814 0.6974
7.8407 3.1032 6.7861 0.7004
7.8407 3.1032 6.7861 0.7004
7.8407 3.1032 6.7869 0.7001
7.8415 3.1032 6.7870 0.7002
7.8415 3.1032 6.7895 0.7016
7.8415 3.1032 6.7921 0.7006
7.8415 3.1032 6.7946 0.7012
7.8415 3.1032 6.7992 0.7028
7.8415 3.1032 6.8013 0.6963
7.8415 3.1032 6.8048 0.6948
7.8415 3.1032 6.8058 0.6952
7.8415 3.1032 6.8058 0.6952
7.8415 3.1032 6.8150 0.6976
7.8415 3.1032 6.8150 0.6976
7.8415 3.1032 6.8181 0.6988
7.8415 3.1032 6.8197 0.6999
7.8415 3.1032 6.8370 0.6700
7.8415 3.1032 6.8370 0.6700
7.8415 3.1032 6.8414 0.6696
7.8415 3.1032 6.8453 0.6676
7.8415 3.1032 6.8527 0.6687
7.8415 3.1032 6.8527 0.6687
7.8415 3.1032 6.8527 0.6687
7.8415 3.1032 6.8575 0.6694
7.8415 3.1032 6.8668 0.6708
7.8415 3.1032 6.8670 0.6709
7.8415 3.1032 6.8819 0.6698
7.8415 3.1032 6.8947 0.6705
7.8415 4.5553 6.9392 0.5552
7.8415 4.5553 6.9392 0.5552
7.8415 4.5553 6.9441 0.5480
7.8415 4.5553 6.9484 0.5514
7.8415 4.5553 6.9486 0.5516
7.8415 4.5553 6.9596 0.5536
7.8415 4.5553 6.9753 0.5565
8.1174 4.5553 6.9845 0.5675
8.1174 4.5553 6.9898 0.5649
8.1174 4.5553 6.9898 0.5649
8.1174 4.5553 6.9919 0.5651
8.1174 4.5553 6.9979 0.5634
8.1174 4.5553 6.9995 0.5640
8.1174 4.5553 6.9995 0.5640
8.1174 4.5553 6.9995 0.5640
8.1174 4.5553 6.9995 0.5640
8.1174 4.5553 7.0074 0.5626
8.1174 4.5553 7.0074 0.5626
8.1174 4.5553 7.0074 0.5626
8.1174 4.5553 7.0074 0.5626
8.1174 4.5553 7.0081 0.5624
8.1174 4.5553 7.0103 0.5601
8.1174 4.5553 7.0142 0.5538
8.1174 4.5553 7.0142 0.5538
8.1174 4.5553 7.0149 0.5544
8.1174 4.5553 7.0170 0.5538
8.1174 4.5553 7.0203 0.5514
8.1174 4.5553 7.0238 0.5530
8.1174 4.5553 7.0282 0.5518
8.1174 4.5553 7.0320 0.5542
8.1174 4.5553 7.0323 0.5545
8.1174 4.5553 7.0323 0.5545
8.1174 4.5553 7.0364 0.5580
8.1174 4.5553 7.0385 0.5587
8.1174 4.5553 7.0539 0.5137
8.1174 4.5553 7.0539 0.5137
8.1174 4.5553 7.0550 0.5139
8.1174 4.5553 7.0602 0.5125
8.1174 4.5553 7.0602 0.5125
8.1174 4.5553 7.0618 0.5125
8.1174 4.5553 7.0618 0.5125
8.1174 4.5553 7.0618 0.5125
8.1174 4.5553 7.0618 0.5125
8.1174 4.5553 7.0624 0.5121
8.1174 4.5553 7.0649 0.5131
8.1174 4.5553 7.0696 0.5155
8.1174 4.5553 7.0770 0.5189
8.1174 4.5553 7.0802 0.5193
8.1174 4.5553 7.0821 0.5201
8.1174 4.5553 7.0948 0.5190
8.1174 4.5553 7.1083 0.5136
8.1174 4.5553 7.1128 0.5150
8.1174 4.5553 7.1128 0.5150
8.1174 4.5553 7.1173 0.5163
8.1174 4.5553 7.1208 0.5160
8.1174 4.5553 7.1223 0.5158
8.1174 4.5553 7.1223 0.5158
8.1174 4.5553 7.1223 0.5158
8.1174 4.5553 7.1322 0.5089
8.1174 4.5553 7.1352 0.5120
8.1174 4.5553 7.1424 0.5054
8.1174 4.5553 7.1424 0.5054
8.1174 4.5553 7.1424 0.5054
8.1174 4.5553 7.1575 0.5001
8.1174 4.5553 7.1660 0.5017
8.1174 4.5553 7.1668 0.5020
8.1174 4.5553 7.1671 0.5021
8.1174 4.5553 7.1671 0.5021
8.1174 4.5553 7.1709 0.5054
8.1174 4.5553 7.1709 0.5054
8.1174 4.5553 7.1724 0.5063
8.1174 4.5553 7.1728 0.5064
8.1174 4.5553 7.1728 0.5064
8.1174 4.5553 7.1766 0.5092
8.1174 4.5553 7.1766 0.5092
8.1174 4.5553 7.1766 0.5092
8.1174 4.5553 7.1808 0.5094
8.1174 4.5553 7.1808 0.5094
8.1174 4.5553 7.1808 0.5094
8.1174 4.5553 7.1825 0.5108
8.1174 4.5553 7.1825 0.5108
8.1174 4.5553 7.1825 0.5108
8.1539 4.5553 7.1886 0.5186
8.1539 4.5553 7.1886 0.5186
8.1539 4.5553 7.1886 0.5187
8.1539 4.5553 7.1886 0.5187
8.1539 4.5553 7.1969 0.5111
8.1539 4.5553 7.2008 0.5125
8.1539 4.5553 7.2059 0.5082
8.1539 4.5553 7.2059 0.5082
8.1539 4.5553 7.2059 0.5082
8.1539 5.6222 7.2334 0.4329
8.1539 5.6222 7.2334 0.4329
8.1539 5.6222 7.2334 0.4329
8.1539 6.0964 7.2402 0.4123
8.1539 6.0964 7.2471 0.4152
8.1539 6.0964 7.2506 0.4207
8.1539 6.0964 7.2506 0.4207
8.1539 6.0964 7.2579 0.4207
8.1539 6.0964 7.2649 0.4295
8.1539 6.0964 7.2769 0.4244
8.1539 6.0964 7.2770 0.4244
8.1539 6.0964 7.2770 0.4244
8.3671 6.0964 7.2902 0.4440
8.3671 6.0964 7.2949 0.4495
8.3671 6.0964 7.2972 0.4505
8.3671 6.0964 7.3026 0.4524
8.3671 6.0964 7.3026 0.4524
8.6118 6.0964 7.3155 0.4708
8.6118 6.0964 7.3161 0.4714
8.6118 6.0964 7.3237 0.4775
8.6118 6.0964 7.3279 0.4816
8.6118 6.0964 7.3304 0.4874
8.6118 6.0964 7.3397 0.4874
8.6118 6.0964 7.3471 0.4826
8.6118 6.0964 7.3471 0.4826
8.6118 6.0964 7.3471 0.4826
8.6118 6.0964 7.3516 0.4826
8.6118 6.0964 7.3516 0.4826
8.6118 6.0964 7.3614 0.4781
8.6118 6.0964 7.3614 0.4781
8.6479 6.0964 7.3790 0.4924
8.6479 6.0964 7.3790 0.4924
8.6479 6.0964 7.3790 0.4924
8.6479 6.0964 7.3823 0.4954
8.6479 6.0964 7.3828 0.4954
8.6479 6.0964 7.3911 0.4913
8.6479 6.0964 7.3919 0.4913
8.6479 6.0964 7.3919 0.4913
8.6479 6.0964 7.3919 0.4913
8.6479 6.0964 7.3919 0.4913
8.6479 6.0964 7.3920 0.4912
8.6479 6.0964 7.4008 0.4962
8.6479 6.0964 7.4039 0.4903
8.6479 6.0964 7.4039 0.4903
8.6479 6.0964 7.4128 0.4944
8.6479 6.0964 7.4198 0.4956
8.6479 6.0964 7.4198 0.4956
8.6479 6.0964 7.4218 0.4977
8.6479 6.0964 7.4218 0.4977
8.6479 6.0964 7.4279 0.5029
8.6479 6.0964 7.4279 0.5029
8.6479 6.0964 7.4295 0.5031
8.6479 6.0964 7.4353 0.5076
8.6479 6.0964 7.4449 0.5001
8.6479 6.0964 7.4449 0.5001
8.6479 6.0964 7.4498 0.4984
8.6479 6.0964 7.4498 0.4984
8.6479 6.0964 7.4498 0.4984
8.6479 6.0964 7.4498 0.4984
8.6479 6.0964 7.4641 0.4934
8.6479 6.0964 7.4733 0.4990
8.6479 6.0964 7.4795 0.5034
8.6479 6.0964 7.4800 0.5035
8.6479 6.0964 7.4839 0.5098
8.6479 6.0964 7.4964 0.4960
8.6479 6.0964 7.5014 0.4993
8.6479 6.0964 7.5014 0.4993
8.6479 6.0964 7.5088 0.5065
8.6479 6.0964 7.5100 0.5077
8.6479 6.0964 7.5146 0.5156
8.6479 6.2163 7.5249 0.4972
8.6479 6.2163 7.5369 0.4952
8.6479 6.2163 7.5402 0.4965
8.6479 6.2163 7.5451 0.4955
8.6479 6.2163 7.5451 0.4955
8.6479 6.2163 7.5454 0.4957
8.6479 6.2163 7.5454 0.4957
8.6479 6.2163 7.5454 0.4957
8.6479 6.2948 7.5644 0.4804
8.6479 6.2948 7.5644 0.4804
8.6479 6.2948 7.5717 0.4719
8.6479 6.2948 7.5737 0.4716
8.6479 6.2948 7.5737 0.4716
8.6479 6.2948 7.5737 0.4716
8.6479 6.2948 7.5813 0.4743
8.6479 6.2948 7.5862 0.4774
8.6479 6.2948 7.5864 0.4775
8.6479 6.2948 7.5877 0.4770
8.6479 6.2948 7.5885 0.4771
8.6479 6.2948 7.6016 0.4673
8.6479 6.4140 7.6028 0.4641
8.6479 6.4140 7.6035 0.4649
8.6479 6.4140 7.6079 0.4667
8.6479 6.4140 7.6081 0.4667
8.6479 6.4140 7.6169 0.4726
8.6479 6.4140 7.6169 0.4726
8.6479 6.4140 7.6203 0.4728
8.6479 6.4140 7.6203 0.4728
8.6479 6.4140 7.6203 0.4728
8.6479 6.4140 7.6234 0.4710
8.6479 6.4140 7.6234 0.4710
8.6479 6.4140 7.6239 0.4707
8.6479 6.4140 7.6246 0.4707
8.6479 6.4140 7.6246 0.4707
8.6479 6.4140 7.6246 0.4707
8.6479 6.4140 7.6246 0.4707
8.6479 6.4140 7.6246 0.4707
8.6479 6.4140 7.6296 0.4691
8.6479 6.4140 7.6331 0.4671
8.6479 6.4140 7.6352 0.4681
8.6479 6.4140 7.6401 0.4607
8.6479 6.4140 7.6402 0.4607
8.6479 6.4140 7.6404 0.4607
8.6479 6.4140 7.6404 0.4607
8.6479 6.4140 7.6470 0.4620
8.6479 6.4140 7.6470 0.4620
8.6479 6.4140 7.6531 0.4665
8.6479 6.4140 7.6620 0.4682
8.6479 6.4140 7.6622 0.4683
8.6479 6.4140 7.6622 0.4683
8.6479 6.4140 7.6622 0.4683
8.6479 6.4140 7.6676 0.4652
8.6485 6.4140 7.6845 0.4711
8.6485 6.4140 7.6848 0.4715
8.6485 6.4140 7.6848 0.4715
8.6485 6.4140 7.6848 0.4715
8.6485 6.4140 7.6869 0.4697
8.6485 6.4140 7.6893 0.4694
8.6485 6.4140 7.6903 0.4695
8.6485 6.4140 7.6907 0.4694
8.6485 6.4140 7.6907 0.4694
8.6485 6.4140 7.6907 0.4694
8.6485 6.4140 7.7068 0.4545
8.6485 6.4140 7.7068 0.4545
8.6485 6.4140 7.7068 0.4545
8.6485 6.4140 7.7068 0.4545
8.6485 6.4140 7.7068 0.4545
8.6485 6.4140 7.7129 0.4567
8.6485 6.4140 7.7151 0.4554
8.6485 6.4140 7.7187 0.4568
8.6485 6.4140 7.7229 0.4589
8.6485 6.4140 7.7229 0.4589
8.6485 6.4140 7.7303 0.4537
8.6485 6.4140 7.7303 0.4537
8.6485 6.4140 7.7303 0.4537
8.6485 6.4140 7.7303 0.4537
8.6485 6.4140 7.7347 0.4514
8.6485 6.4140 7.7347 0.4514
8.6485 6.4140 7.7347 0.4514
8.6485 6.4140 7.7352 0.4517
8.6485 6.4140 7.7402 0.4533
8.6485 6.4140 7.7497 0.4511
8.6485 6.4140 7.7533 0.4550
8.6485 6.4140 7.7533 0.4550
8.6485 6.4140 7.7533 0.4550
8.6485 6.4140 7.7610 0.4509
8.6485 6.4140 7.7683 0.4509
8.6485 6.4140 7.7823 0.4518
8.6485 6.4140 7.7823 0.4518
8.6485 6.4140 7.7932 0.4557
8.6485 6.4140 7.7932 0.4557
8.6485 6.4140 7.7970 0.4568
8.6485 6.4140 7.8000 0.4557
8.6485 6.4140 7.8001 0.4558
8.6485 6.4140 7.8078 0.4576
8.6485 6.4140 7.8078 0.4576
8.6485 6.4140 7.8078 0.4576
8.6485 6.4140 7.8078 0.4576
8.6485 6.4140 7.8078 0.4576
8.6485 6.4140 7.8078 0.4576
8.6485 6.4140 7.8111 0.4561
8.6485 6.4140 7.8111 0.4561
8.6485 6.4140 7.8190 0.4593
8.6485 6.4140 7.8190 0.4593
8.6485 6.4140 7.8215 0.4586
8.6485 6.4140 7.8215 0.4586
8.6485 6.4140 7.8304 0.4511
8.6485 6.4140 7.8340 0.4510
8.8744 6.4140 7.8388 0.4594
8.8744 6.4140 7.8388 0.4594
8.8744 6.4140 7.8454 0.4618
8.8744 6.4140 7.8454 0.4618
8.8744 6.4140 7.8476 0.4651
8.8744 6.4140 7.8504 0.4642
8.8744 6.4140 7.8504 0.4642
8.8744 6.4140 7.8504 0.4642
8.8744 6.4140 7.8504 0.4642
8.8744 6.4140 7.8532 0.4644
8.8744 6.4140 7.8534 0.4645
8.8744 6.4140 7.8594 0.4599
8.8744 6.4140 7.8594 0.4599
8.8744 6.4140 7.8676 0.4641
8.8744 6.4140 7.8711 0.4675
8.8744 6.4140 7.8729 0.4679
8.8744 6.4140 7.8738 0.4680
8.8744 6.4140 7.8738 0.4680
8.8744 6.4140 7.8742 0.4681
8.8744 6.6605 7.8913 0.4451
8.8744 6.6605 7.8913 0.4451
9.1478 6.6605 7.9028 0.4623
9.1478 6.6605 7.9051 0.4628
9.1478 6.6605 7.9052 0.4627
9.1478 6.6605 7.9155 0.4669
9.1478 6.6605 7.9198 0.4656
9.1478 6.6605 7.9231 0.4660
9.1478 6.6605 7.9268 0.4659
9.1478 6.6605 7.9306 0.4624
9.1478 6.6605 7.9342 0.4588
9.1478 6.6605 7.9358 0.4580
9.1478 6.6605 7.9493 0.4733
9.1478 6.6605 7.9613 0.4721
9.1478 6.6605 7.9614 0.4719
9.1478 6.6605 7.9625 0.4721
9.1478 6.6605 7.9715 0.4768
9.1478 6.6605 7.9715 0.4768
9.1478 6.6605 7.9715 0.4768
9.2009 6.6605 7.9835 0.4922
9.4418 6.6605 7.9877 0.4959
9.4418 6.6605 7.9994 0.4830
9.4418 6.6605 8.0007 0.4813
9.4418 6.6605 8.0007 0.4813
9.4418 6.6605 8.0007 0.4813
9.4418 6.6605 8.0031 0.4807
9.4418 6.6605 8.0031 0.4807
9.4418 6.6605 8.0031 0.4807
9.4418 6.6605 8.0035 0.4812
9.4418 6.6605 8.0074 0.4796
9.4418 6.6605 8.0074 0.4796
9.4418 6.6605 8.0074 0.4796
9.4418 6.6605 8.0074 0.4796
9.4418 6.6605 8.0104 0.4760
9.4418 6.6605 8.0159 0.4725
9.4418 6.6605 8.0197 0.4712
9.4418 6.6605 8.0197 0.4712
9.4418 6.6605 8.0217 0.4706
9.4418 6.6605 8.0217 0.4706
9.4418 6.6605 8.0217 0.4706
9.4418 6.6605 8.0233 0.4709
9.4418 6.6605 8.0233 0.4709
9.4418 6.6605 8.0237 0.4710
9.4418 6.6605 8.0286 0.4747
9.4418 6.6605 8.0370 0.4713
9.4418 6.6605 8.0430 0.4733
9.4418 6.6605 8.0430 0.4733
9.4418 6.6605 8.0518 0.4732
9.4418 6.6605 8.0566 0.4813
9.4418 6.6847 8.0719 0.4605
9.4418 6.6847 8.0767 0.4636
9.4418 6.6847 8.0767 0.4636
9.4418 6.6847 8.0800 0.4627
9.4418 6.6847 8.0852 0.4661
9.4418 6.6847 8.0879 0.4698
9.4418 6.6847 8.0900 0.4727
9.4418 6.6847 8.0900 0.4727
9.4418 6.6847 8.0900 0.4727
9.4418 6.6847 8.0948 0.4749
9.4418 6.6847 8.0948 0.4749
9.4418 6.6847 8.0948 0.4749
9.4418 6.6847 8.1079 0.4712
9.4418 6.6847 8.1127 0.4682
9.4418 6.6847 8.1127 0.4682
9.4418 6.6847 8.1177 0.4632
9.4418 6.6847 8.1178 0.4632
9.4418 6.6847 8.1264 0.4598
9.4418 6.6847 8.1393 0.4533
9.4418 6.6847 8.1393 0.4533
9.4418 6.6847 8.1434 0.4500
9.4418 6.6847 8.1442 0.4498
9.4418 6.6847 8.1449 0.4497
9.4418 6.6847 8.1452 0.4497
9.4418 6.6847 8.1452 0.4497
9.4418 6.6847 8.1452 0.4497
9.4418 6.6847 8.1452 0.4497
9.4418 6.6847 8.1452 0.4497
9.4418 6.6847 8.1452 0.4497
9.4418 6.8524 8.1576 0.4257
9.4418 6.8524 8.1582 0.4271
9.4418 6.8524 8.1619 0.4284
9.4418 6.8524 8.1619 0.4284
9.4418 6.8524 8.1619 0.4284
9.4418 6.8524 8.1642 0.4301
9.4418 6.8524 8.1673 0.4327
9.4418 6.8524 8.1741 0.4395
9.4418 6.8524 8.1741 0.4395
9.4418 6.8524 8.1744 0.4394
9.4418 6.8524 8.1774 0.4379
9.4418 6.8524 8.1774 0.4379
9.4418 6.8524 8.1774 0.4379
9.4418 6.8524 8.1777 0.4379
9.4418 6.8524 8.1777 0.4379
9.4418 6.8524 8.1793 0.4372
9.4418 6.8524 8.1859 0.4304
9.4418 6.8524 8.1916 0.4326
9.4418 6.8524 8.1916 0.4326
9.4418 6.8524 8.1921 0.4326
9.4418 6.8524 8.1949 0.4330
9.4418 6.8524 8.1949 0.4330
9.4418 6.8524 8.1949 0.4330
9.4418 6.8524 8.1998 0.4391
9.4418 6.8524 8.2091 0.4379
9.4418 6.8524 8.2091 0.4379
9.4418 6.8524 8.2091 0.4379
9.4418 6.8524 8.2091 0.4379
9.4418 6.8524 8.2091 0.4379
9.4418 6.8524 8.2151 0.4460
9.4418 6.8524 8.2151 0.4460
9.4418 6.8524 8.2151 0.4460
9.4418 6.8524 8.2227 0.4452
9.4418 6.8524 8.2288 0.4419
9.4418 6.8524 8.2292 0.4427
9.4418 6.8524 8.2370 0.4380
9.4418 6.8524 8.2370 0.4380
9.4418 6.8524 8.2373 0.4379
9.4418 6.8524 8.2448 0.4412
9.4418 6.8524 8.2448 0.4412
9.4418 6.8524 8.2448 0.4412
9.4418 6.8524 8.2464 0.4407
9.4418 6.8524 8.2464 0.4407
9.4418 6.8524 8.2607 0.4414
9.4418 6.8524 8.2607 0.4414
9.4459 6.8524 8.2746 0.4563
9.4459 6.8524 8.2746 0.4563
9.4459 6.8524 8.2781 0.4537
9.4459 6.8524 8.2835 0.4462
9.4459 6.8524 8.2853 0.4500
9.4459 6.8524 8.2877 0.4525
9.4459 6.8524 8.2953 0.4633
9.4459 6.8524 8.2961 0.4638
9.4459 6.8524 8.3064 0.4762
9.4459 6.8524 8.3064 0.4762
9.4459 6.8524 8.3064 0.4762
9.4459 6.8524 8.3142 0.4863
9.4459 6.8524 8.3154 0.4859
9.4459 6.8524 8.3179 0.4881
9.4459 6.8524 8.3278 0.4836
9.4459 6.8524 8.3278 0.4836
9.4459 6.8524 8.3282 0.4833
9.4459 6.8524 8.3282 0.4833
9.4459 6.8524 8.3321 0.4838
9.4459 6.8524 8.3379 0.4830
9.4459 6.8524 8.3379 0.4830
9.4459 6.8524 8.3379 0.4830
9.4459 6.8524 8.3384 0.4828
9.4459 6.8524 8.3384 0.4828
9.4459 6.8524 8.3404 0.4842
9.4459 6.8524 8.3404 0.4842
9.4459 6.8524 8.3453 0.4845
9.4459 6.8524 8.3457 0.4849
9.4459 6.8524 8.3484 0.4844
9.4459 6.8524 8.3484 0.4844
9.4459 6.8524 8.3484 0.4844
9.4459 6.8524 8.3487 0.4844
9.4459 6.8524 8.3487 0.4844
9.4459 6.8524 8.3487 0.4844
9.4459 6.8524 8.3487 0.4844
9.4459 6.8524 8.3502 0.4851
9.4459 6.8524 8.3502 0.4851
9.4459 6.8524 8.3596 0.4897
9.4459 6.8524 8.3662 0.4925
9.4459 6.8524 8.3693 0.4955
9.4459 6.8524 8.3693 0.4955
9.4459 6.8524 8.3693 0.4955
9.4459 6.8524 8.3789 0.4997
9.4459 6.8524 8.3830 0.4992
9.4459 6.8524 8.3838 0.4986
9.4459 6.8524 8.3845 0.4995
9.4459 6.8524 8.3845 0.4995
9.4459 6.8524 8.3853 0.4992
9.4459 6.8524 8.3853 0.4992
9.4459 6.8524 8.3853 0.4992
9.4459 6.8524 8.3901 0.5016
9.4459 6.8524 8.3901 0.5016
9.4459 6.8524 8.3901 0.5016
9.4459 6.8524 8.3902 0.5015
9.4459 6.8524 8.3913 0.5022
9.4459 6.8524 8.3922 0.5021
9.4459 6.8524 8.3922 0.5021
9.4459 6.8524 8.4026 0.5069
9.4459 6.8524 8.4026 0.5069
9.4459 6.8524 8.4028 0.5070
9.4459 6.8524 8.4047 0.5052
9.4459 6.8524 8.4054 0.5062
9.4459 6.8524 8.4054 0.5062
9.4459 6.8524 8.4054 0.5062
9.4459 6.8524 8.4056 0.5063
9.4459 6.8524 8.4056 0.5063
9.4459 6.8524 8.4061 0.5066
9.4459 6.8524 8.4065 0.5060
9.4459 6.8524 8.4065 0.5060
9.4459 6.8524 8.4065 0.5060
9.4459 6.8524 8.4065 0.5060
9.4459 6.8524 8.4065 0.5060
9.4459 6.8524 8.4065 0.5060
9.4459 6.8524 8.4065 0.5060
9.4459 6.8524 8.4069 0.5055
9.6328 6.8524 8.4177 0.5199
9.6328 6.8524 8.4177 0.5199
9.6328 6.8524 8.4212 0.5191
9.6328 6.8524 8.4212 0.5191
9.6328 6.8524 8.4212 0.5191
9.6328 6.8524 8.4212 0.5191
9.6328 6.8524 8.4212 0.5191
9.6328 6.8524 8.4277 0.5247
9.6328 6.8524 8.4339 0.5315
9.6328 6.8524 8.4348 0.5330
9.6328 6.8524 8.4418 0.5235
9.6328 6.8524 8.4487 0.5221
9.6328 6.8524 8.4520 0.5208
9.6328 6.8524 8.4520 0.5208
9.6328 6.8524 8.4520 0.5208
9.6328 6.8524 8.4531 0.5211
9.6328 6.8524 8.4553 0.5252
9.6328 6.8524 8.4553 0.5252
9.6328 6.8524 8.4553 0.5252
9.6328 6.8524 8.4553 0.5252
9.6328 6.8524 8.4553 0.5252
9.6328 6.8524 8.4553 0.5252
9.6328 6.8524 8.4586 0.5288
9.6328 6.8524 8.4586 0.5288
9.6328 6.8524 8.4717 0.5372
9.6328 6.8524 8.4717 0.5372
9.6328 6.8524 8.4795 0.5417
9.6328 6.8524 8.4812 0.5404
9.6328 6.8524 8.4812 0.5404
9.6328 6.8524 8.4812 0.5404
9.6328 6.8524 8.4854 0.5388
9.6328 6.8524 8.4863 0.5391
9.6328 6.8524 8.5070 0.5283
9.6328 6.8524 8.5071 0.5282
9.6328 6.8524 8.5071 0.5282
9.6328 6.8524 8.5083 0.5287
9.6328 6.8524 8.5185 0.5285
9.6328 6.8524 8.5211 0.5286
9.6328 6.8524 8.5343 0.5346
9.6328 6.8524 8.5343 0.5346
9.6328 6.8524 8.5343 0.5346
9.6328 6.8524 8.5353 0.5339
9.6328 6.8524 8.5477 0.5404
9.6328 6.8524 8.5540 0.5378
9.6328 6.8524 8.5592 0.5430
9.6328 6.8524 8.5592 0.5430
9.6328 6.8524 8.5592 0.5430
9.6328 6.8524 8.5592 0.5430
9.6328 6.8524 8.5592 0.5430
9.6328 6.8524 8.5615 0.5432
9.6328 6.8524 8.5616 0.5431
9.6328 6.8524 8.5642 0.5442
9.6328 6.8524 8.5643 0.5444
9.6328 6.8524 8.5745 0.5456
9.6328 6.8524 8.5745 0.5456
9.6328 6.8524 8.5747 0.5458
9.6328 6.8524 8.5762 0.5442
9.6328 6.8524 8.5762 0.5442
9.6328 6.8524 8.5762 0.5442
9.6328 6.8524 8.5828 0.5435
9.6328 6.8524 8.5859 0.5457
9.6328 6.8524 8.5888 0.5435
9.6328 6.8524 8.5913 0.5415
9.6328 6.8524 8.5986 0.5463
9.6328 6.8524 8.6064 0.5445
9.6328 6.8524 8.6139 0.5409
9.7123 6.8524 8.6147 0.5425
9.7123 6.8524 8.6185 0.5383
9.7123 6.8524 8.6185 0.5383
9.7123 6.8524 8.6185 0.5383
