4.3436 0.0100 0.1850 0.5349
4.3436 0.0100 0.2295 0.6089
4.3436 0.0100 0.2296 0.6088
4.3436 0.0100 0.2461 0.6253
4.3436 0.0100 0.2564 0.6298
4.3436 0.0100 0.2564 0.6298
4.3436 0.0100 0.2808 0.6440
4.3436 0.0100 0.2951 0.6541
4.3436 0.0100 0.2992 0.6530
4.3436 0.0100 0.2993 0.6530
4.3436 0.0100 0.3171 0.6578
4.3436 0.0100 0.3416 0.6722
4.3436 0.0100 0.3548 0.6786
4.3436 0.0100 0.3650 0.6811
4.3436 0.0100 0.3812 0.6826
4.3436 0.0100 0.3947 0.6837
4.3436 0.0100 0.3975 0.6868
8.2471 0.0100 0.4805 1.0501
8.2471 0.0100 0.5007 1.0509
8.2471 0.0100 0.5261 1.0541
8.2471 0.0100 0.5404 1.0638
8.2471 0.0100 0.5787 1.1119
8.2471 0.0100 0.5921 1.1130
8.2471 0.0100 0.6139 1.1130
8.2471 0.0100 0.6571 1.1715
8.2471 0.0100 0.7875 1.4274
8.2471 0.0100 0.8527 1.5353
8.2471 0.0100 0.8528 1.5353
8.2471 0.0100 0.9160 1.6268
8.2471 0.0100 0.9351 1.6271
8.2471 0.0100 0.9543 1.6229
8.2471 0.0100 0.9976 1.6547
8.2471 0.0100 1.0077 1.6582
8.2471 0.0100 1.0304 1.6522
8.2471 0.0100 1.0447 1.6495
8.2471 0.0100 1.0522 1.6465
8.2471 0.0100 1.0758 1.6449
8.2471 0.0100 1.1146 1.6473
8.2471 0.0100 1.1381 1.6399
8.2471 0.0100 1.1659 1.6332
8.2471 0.0100 1.1811 1.6393
8.2471 0.0100 1.1913 1.6352
8.2471 0.0100 1.2107 1.6326
8.2471 0.0100 1.2600 1.6471
8.2471 0.0100 1.2646 1.6464
8.2471 0.0100 1.2646 1.6463
8.2471 0.0100 1.2788 1.6416
8.2471 0.0100 1.3026 1.6403
8.2471 0.0100 1.3355 1.6456
8.2471 0.0100 1.3904 1.7246
8.2471 0.0100 1.4046 1.7190
8.2471 0.0100 1.4048 1.7190
8.2471 0.0100 1.4147 1.7138
8.2471 0.0100 1.4249 1.7085
8.2471 0.0100 1.4266 1.7101
8.2471 0.0100 1.4395 1.7042
8.2471 0.0100 1.4574 1.6937
8.2471 0.0100 1.4675 1.6990
8.2471 0.0100 1.5287 1.7547
8.2471 0.0100 1.5899 1.8067
8.2471 0.0100 1.6003 1.8006
8.2471 0.0100 1.6043 1.7997
8.2471 0.0100 1.6370 1.8512
8.2471 0.0100 1.6374 1.8513
8.2471 0.0100 1.6499 1.8445
8.2471 0.0100 1.6608 1.8441
8.2471 0.0100 1.6819 1.8365
8.2471 0.0100 1.6937 1.8345
8.2471 0.0100 1.7289 1.8292
8.2471 0.0100 1.7443 1.8211
8.2471 0.0100 1.7543 1.8240
8.2471 0.0100 1.7543 1.8240
8.2471 0.0100 1.7643 1.8245
8.2471 0.0100 1.8189 1.8937
8.2471 0.0100 1.9028 1.9047
8.2471 0.0100 1.9210 1.9050
8.2471 0.0100 1.9210 1.9050
8.2471 0.0100 1.9332 1.9131
8.2471 0.0100 1.9371 1.9116
8.2471 0.0100 1.9520 1.9024
8.2471 0.0100 2.0519 1.9538
8.2471 0.0100 2.0529 1.9533
8.2471 0.0100 2.0806 1.9438
8.2471 0.0100 2.1479 2.0256
8.2471 0.0100 2.1553 2.0252
8.2471 0.0100 2.1984 2.0482
8.2471 0.0100 2.2278 2.0582
8.2471 0.0100 2.2542 2.0380
8.2471 0.0100 2.2833 2.0469
8.2471 0.0100 2.2833 2.0469
8.2471 0.0100 2.3066 2.0815
8.2471 0.0100 2.3066 2.0815
8.2471 0.0100 2.3506 2.1234
8.2471 0.0100 2.3510 2.1232
8.2471 0.0100 2.4051 2.1599
8.2471 0.0100 2.4051 2.1599
8.2471 0.0100 2.4178 2.1494
8.2471 0.0100 2.4371 2.1533
8.2471 0.0100 2.4371 2.1533
8.2471 0.0100 2.4597 2.1411
8.2471 0.0100 2.4788 2.1390
8.2471 0.0100 2.4788 2.1390
8.2471 0.0100 2.4955 2.1545
8.2471 0.0100 2.4968 2.1551
8.2471 0.0100 2.5022 2.1515
8.2471 0.0100 2.5683 2.1752
8.2471 0.0100 2.5877 2.1704
8.2471 0.0100 2.6316 2.1804
8.2471 0.0100 2.6646 2.1647
8.2471 0.0100 2.7043 2.1940
8.2471 0.0100 2.7215 2.1809
8.2471 0.0100 2.7216 2.1809
8.2471 0.0100 2.7216 2.1809
8.2471 0.0100 2.7390 2.1743
8.2471 0.0100 2.7390 2.1743
8.2471 0.0100 2.7912 2.1708
8.2471 0.0100 2.7997 2.1656
8.2471 0.0100 2.8268 2.1716
8.2471 0.0100 2.8318 2.1809
8.2471 0.0100 2.8508 2.2121
8.2471 0.0100 2.8614 2.2010
8.2471 0.0100 2.9136 2.2159
8.2471 0.0100 2.9783 2.2754
8.2471 0.0100 3.0378 2.2750
8.2471 0.0100 3.0723 2.3014
8.2471 0.0100 3.0898 2.2925
8.2471 0.0100 3.1502 2.3250
8.2471 0.0100 3.1680 2.3289
8.2471 0.0100 3.1933 2.3493
8.3600 0.0100 3.2283 2.3505
8.3600 0.0100 3.2846 2.3481
8.3600 0.0100 3.3378 2.3625
8.3600 0.0100 3.3705 2.3782
8.3600 0.0100 3.4037 2.3986
8.3600 0.0100 3.4156 2.3984
8.3600 0.0100 3.4207 2.4055
8.3600 0.0100 3.4439 2.4153
8.3600 0.0100 3.4750 2.4417
8.3600 0.0100 3.4751 2.4417
8.3600 0.0100 3.5265 2.4436
8.3600 0.0100 3.5785 2.4518
8.3600 0.0100 3.5995 2.4722
8.3600 0.0100 3.6036 2.4768
8.3600 0.0100 3.6636 2.4866
8.3600 0.0100 3.7033 2.4596
8.3600 0.0100 3.7279 2.4536
8.3600 0.0100 3.7861 2.4593
8.3600 0.0100 3.8131 2.4800
8.3600 0.0100 3.8131 2.4800
8.3600 0.0100 3.8452 2.4698
8.3600 0.0100 3.9043 2.4749
8.3600 0.0100 3.9658 2.4591
8.3600 0.0100 3.9720 2.4643
8.3600 0.0100 4.0012 2.4465
8.3600 0.0100 4.0571 2.4670
8.3600 0.0100 4.0744 2.4903
8.3600 0.0100 4.0972 2.4633
8.3600 0.0100 4.1121 2.4492
8.3600 0.0100 4.1253 2.4306
8.3600 0.0100 4.1511 2.4190
8.3600 0.0100 4.1599 2.4279
8.3600 0.0100 4.1682 2.4361
8.3600 0.0100 4.1776 2.4285
8.3600 0.0100 4.2000 2.4368
8.3600 0.0100 4.2349 2.4143
8.3600 0.0100 4.2615 2.4303
8.3600 0.0100 4.2721 2.4284
8.3600 0.0100 4.2944 2.4392
8.3600 0.0100 4.3430 2.4449
8.3600 0.0100 4.3964 2.4600
8.3600 0.0100 4.4085 2.4759
8.3600 0.0100 4.4605 2.4977
8.3600 0.0100 4.4708 2.4814
8.3600 0.0100 4.5026 2.4631
8.3600 0.0100 4.5541 2.4447
8.3600 0.0100 4.5964 2.4047
8.3600 0.0100 4.6166 2.3979
8.3600 0.0100 4.6166 2.3979
8.3600 0.0100 4.6166 2.3979
8.3600 0.0100 4.6405 2.4100
8.3600 0.0100 4.6821 2.4071
8.3600 0.0100 4.6825 2.4075
8.3600 0.0100 4.6825 2.4075
8.3600 0.0100 4.7191 2.4070
8.3600 0.0100 4.7547 2.4007
8.3600 0.0100 4.7819 2.4119
8.3600 0.0100 4.8017 2.4189
8.3600 0.0100 4.8567 2.3950
8.3600 0.0100 4.8717 2.3878
8.3600 0.0100 4.9478 2.3729
8.3600 0.0100 4.9545 2.3797
8.3600 0.0100 4.9696 2.3602
8.3600 0.0100 4.9696 2.3602
8.3600 0.0100 4.9769 2.3661
8.3600 0.0100 5.0119 2.3377
8.3600 0.0100 5.0359 2.3026
8.3600 0.0100 5.0394 2.3052
8.3600 0.0100 5.0394 2.3052
8.3600 0.0100 5.0813 2.3066
8.3600 0.0100 5.1026 2.2927
8.3600 0.0100 5.1026 2.2927
8.3600 0.0100 5.1396 2.2606
8.3600 0.0100 5.1446 2.2643
8.3600 0.0100 5.1580 2.2612
8.3600 0.0100 5.1746 2.2622
8.3600 0.0100 5.2069 2.2822
8.3600 0.0100 5.2625 2.2470
8.3600 0.0100 5.2781 2.2318
8.3600 0.0100 5.2789 2.2323
8.3600 0.0100 5.3389 2.1978
8.3600 0.0100 5.3601 2.2026
8.3600 0.0100 5.3658 2.1970
8.3600 0.0100 5.3658 2.1970
8.3600 0.0100 5.3955 2.1580
8.3600 0.0100 5.4131 2.1565
8.3600 0.0100 5.4408 2.1680
8.6312 0.0100 5.4484 2.1785
8.6312 0.0100 5.4802 2.1648
9.1682 0.0100 5.5130 2.1760
9.1682 0.7977 5.5739 2.1052
9.1682 0.7977 5.5958 2.0859
9.1682 0.7977 5.6274 2.0434
9.1682 0.7977 5.6410 2.0201
9.1682 0.7977 5.6673 2.0210
9.1682 0.7977 5.6673 2.0210
9.1682 0.7977 5.6832 2.0380
9.1682 0.7977 5.7352 1.9922
9.1682 0.7977 5.7475 1.9935
9.1682 0.7977 5.7555 1.9890
9.1682 1.1296 5.8300 1.9408
9.1682 1.1296 5.8300 1.9408
9.1682 1.1296 5.8691 1.8927
9.1682 1.1296 5.9037 1.8950
9.1682 1.1296 5.9037 1.8950
9.1682 1.1296 5.9072 1.8965
9.1682 1.3334 5.9717 1.8418
9.1682 1.3334 6.0001 1.7928
9.1682 1.3334 6.0001 1.7928
9.1682 1.3334 6.0234 1.7803
9.1682 1.3334 6.0234 1.7804
9.1682 1.3334 6.0236 1.7806
9.1682 1.3371 6.0819 1.7205
9.1682 1.3371 6.1081 1.7137
9.1682 1.3371 6.1086 1.7140
9.1682 1.3371 6.1139 1.7179
9.1682 1.3371 6.1139 1.7179
9.1682 1.3371 6.1262 1.7214
9.1682 1.3371 6.1311 1.7249
9.1682 1.3371 6.1311 1.7249
9.1682 1.3371 6.1373 1.7275
9.1682 1.3371 6.1712 1.7283
9.1682 1.3371 6.1976 1.7212
9.1682 1.3371 6.1979 1.7212
9.1682 1.3371 6.1979 1.7212
9.1682 1.3371 6.2520 1.6996
9.1682 1.3371 6.2520 1.6996
9.1682 1.3371 6.3071 1.6418
9.1682 1.3371 6.3083 1.6424
9.1682 1.3371 6.3664 1.6069
9.1682 1.3371 6.3901 1.6013
9.1682 1.3371 6.3901 1.6013
9.1682 1.3371 6.3958 1.5973
9.1682 1.3371 6.4078 1.6028
9.1682 1.3371 6.4080 1.6028
9.1682 1.3371 6.4080 1.6028
9.1682 1.3371 6.4134 1.6037
9.1682 1.3371 6.4600 1.5497
9.1682 1.3371 6.4997 1.5111
9.1682 1.3371 6.5106 1.5197
9.1682 1.3371 6.5478 1.4907
9.1682 1.3371 6.5478 1.4907
9.1682 1.3371 6.5502 1.4906
9.1682 1.3371 6.5502 1.4906
9.1682 1.3371 6.5513 1.4919
9.1682 1.3371 6.5513 1.4919
9.1682 1.3371 6.5520 1.4921
9.1682 1.3371 6.5686 1.4962
9.1682 1.3371 6.5686 1.4962
9.1682 1.3371 6.5749 1.5023
9.1682 1.3371 6.5795 1.5031
9.1682 1.3371 6.5881 1.5028
9.1682 1.3371 6.5881 1.5028
9.1682 1.3371 6.6022 1.4993
9.1682 1.3371 6.6305 1.4842
9.1682 1.3371 6.6335 1.4843
9.1682 1.3371 6.6383 1.4863
9.1682 1.3371 6.6405 1.4864
9.1682 1.3415 6.7107 1.3975
9.1682 1.3415 6.7112 1.3975
9.1682 1.3415 6.7147 1.3976
9.1682 1.3415 6.7147 1.3976
9.1682 1.3415 6.7179 1.3999
9.1682 1.3415 6.7362 1.3937
9.1682 1.3415 6.7414 1.3984
9.1682 1.3415 6.7650 1.3858
9.1682 1.3557 6.8412 1.2859
9.1682 1.3557 6.8431 1.2855
9.1682 1.3557 6.8513 1.2864
9.1682 1.3557 6.8513 1.2864
9.1682 1.3557 6.8608 1.2725
9.1682 1.3557 6.8623 1.2721
9.1682 1.3557 6.8623 1.2721
9.1682 1.3557 6.8665 1.2720
9.1682 1.3557 6.8783 1.2807
9.1682 1.3557 6.8799 1.2823
9.1682 1.3557 6.9223 1.2391
9.1682 1.3557 6.9301 1.2400
9.1682 1.3557 6.9422 1.2350
9.1682 1.3557 6.9422 1.2350
9.1682 1.3557 6.9422 1.2350
9.1682 1.3557 6.9588 1.2408
9.1682 1.3557 6.9611 1.2397
9.1682 1.3557 6.9631 1.2399
9.1682 1.3557 6.9644 1.2412
9.1682 1.3557 7.0101 1.1702
9.1682 1.3557 7.0202 1.1764
9.1682 1.3557 7.0202 1.1764
9.1682 1.3557 7.0427 1.1205
9.1682 1.3557 7.0427 1.1205
9.1682 4.2815 7.0995 0.9638
9.1682 4.2815 7.0995 0.9638
9.1682 4.2815 7.1136 0.9702
9.1682 4.2815 7.1156 0.9702
9.1682 4.2815 7.1156 0.9702
9.1682 4.2815 7.1238 0.9723
9.1682 4.2815 7.1289 0.9768
9.1682 4.2815 7.1379 0.9850
9.1682 4.2815 7.1555 0.9826
9.1682 4.2815 7.1592 0.9860
9.1682 4.2815 7.1719 0.9761
9.1682 4.2815 7.1804 0.9787
9.1682 4.2815 7.1922 0.9844
9.1682 4.2815 7.2007 0.9898
9.1682 4.2815 7.2128 0.9947
9.1682 4.2815 7.2128 0.9947
9.1682 4.2815 7.2156 0.9944
9.1682 4.2815 7.2335 0.9968
9.1682 4.2815 7.2412 0.9974
9.1682 4.2815 7.2627 0.9783
9.1682 4.2815 7.2804 0.9864
9.1682 4.2815 7.2957 0.9895
9.1682 4.2815 7.3033 0.9839
9.1682 4.2815 7.3140 0.9883
9.1682 4.2815 7.3140 0.9883
9.1682 4.2815 7.3144 0.9875
9.1682 4.2815 7.3189 0.9912
9.1682 4.2815 7.3416 0.9554
9.1682 4.2815 7.3708 0.9368
9.1682 4.2815 7.3923 0.9320
9.1682 4.2815 7.3923 0.9320
9.1682 4.2815 7.3923 0.9320
9.1682 4.2815 7.3950 0.9351
9.1682 4.2815 7.3981 0.9341
9.1682 4.2815 7.3981 0.9341
9.1682 4.2815 7.4090 0.9402
9.1682 4.2815 7.4090 0.9402
9.1682 4.2815 7.4152 0.9353
9.1682 4.2815 7.4363 0.9299
9.1682 4.2815 7.4364 0.9298
9.1682 4.2815 7.4364 0.9298
9.1682 4.2815 7.4386 0.9284
9.1682 4.2815 7.4386 0.9284
9.1682 4.2815 7.4386 0.9284
9.1682 4.2815 7.4395 0.9293
9.1682 4.2815 7.4448 0.9289
9.1682 4.2815 7.4466 0.9277
9.1682 4.2815 7.4466 0.9277
9.1682 4.2815 7.4598 0.9296
9.1682 4.2815 7.4894 0.9048
9.1682 4.2815 7.4894 0.9048
9.1682 4.2815 7.4894 0.9048
9.1682 4.2815 7.4939 0.9058
9.1682 4.2815 7.5038 0.9081
9.1682 4.2815 7.5202 0.9067
9.1682 4.2815 7.5202 0.9067
9.1682 4.2815 7.5242 0.9051
9.1682 4.2815 7.5251 0.9042
9.1682 4.2815 7.5386 0.9006
9.1682 4.2815 7.5586 0.8664
9.1682 4.2815 7.5604 0.8669
9.1682 4.2815 7.5640 0.8689
9.1682 4.2815 7.5640 0.8689
9.1682 4.2815 7.5647 0.8685
9.1682 4.2815 7.5768 0.8695
9.1682 4.2815 7.5907 0.8514
9.1682 4.2815 7.5907 0.8514
9.1682 4.2815 7.5907 0.8514
9.1682 4.2815 7.5920 0.8510
9.1682 4.2815 7.6009 0.8532
9.1682 4.2815 7.6009 0.8532
9.1682 4.2815 7.6099 0.8532
9.1682 4.2815 7.6137 0.8569
9.1682 4.2815 7.6401 0.7962
9.1682 4.2815 7.6567 0.7994
9.1682 4.2815 7.6639 0.8006
9.1682 4.2815 7.6744 0.8008
9.1682 4.2815 7.6805 0.8036
9.1682 4.2815 7.6805 0.8036
9.1682 4.2815 7.6857 0.8056
9.1682 4.2815 7.6857 0.8056
9.1682 4.2815 7.6884 0.8070
9.1682 4.2815 7.6884 0.8070
9.1682 4.2815 7.6897 0.8074
9.1682 4.2815 7.7040 0.8112
9.1682 4.2815 7.7042 0.8113
9.1682 4.2815 7.7207 0.8131
9.1682 4.2815 7.7207 0.8131
9.1682 4.2815 7.7420 0.8170
9.1682 4.2815 7.7420 0.8170
9.1682 4.2815 7.7467 0.8119
9.1682 4.2815 7.7467 0.8119
9.1682 4.2815 7.7497 0.8125
9.1682 4.2815 7.7635 0.8121
9.1682 4.2815 7.7752 0.8105
9.1682 4.2815 7.7752 0.8105
9.1682 4.2815 7.7767 0.8113
9.1682 4.2815 7.7865 0.8083
9.1682 4.2815 7.7865 0.8083
9.1682 4.2815 7.7865 0.8083
9.2269 4.2815 7.7871 0.8093
9.2269 4.2815 7.7871 0.8093
9.2269 4.2815 7.7893 0.8109
9.2269 4.2815 7.7893 0.8109
9.2269 4.2815 7.7893 0.8109
9.2269 4.2815 7.7893 0.8109
9.2269 4.2815 7.8022 0.8073
9.2269 4.2815 7.8022 0.8073
9.2269 4.2815 7.8060 0.8103
9.2269 4.2815 7.8233 0.7727
9.2269 4.2815 7.8357 0.7718
9.2269 4.2815 7.8489 0.7675
9.2269 4.2815 7.8629 0.7717
9.2269 4.2815 7.8764 0.7690
9.2269 4.2815 7.8860 0.7771
9.2269 4.2815 7.8921 0.7805
9.2269 4.2815 7.8921 0.7805
9.2269 4.2815 7.9042 0.7765
9.2269 4.2815 7.9042 0.7765
9.2269 4.2815 7.9109 0.7736
9.2269 4.2815 7.9172 0.7738
9.2269 4.2815 7.9283 0.7760
9.2269 4.2815 7.9283 0.7760
9.2269 4.2815 7.9283 0.7760
9.2269 4.2815 7.9283 0.7760
9.2269 4.2815 7.9287 0.7761
9.2269 4.2815 7.9296 0.7770
9.2269 4.2815 7.9296 0.7770
9.2269 4.2815 7.9368 0.7815
9.2269 4.2815 7.9368 0.7815
9.2269 4.2815 7.9369 0.7816
9.2269 4.2815 7.9510 0.7780
9.2269 4.2815 7.9510 0.7780
9.2269 4.2815 7.9526 0.7787
9.2269 4.2815 7.9550 0.7800
9.2269 4.2815 7.9677 0.7740
9.2269 4.2815 7.9795 0.7693
9.2269 4.2815 7.9850 0.7728
9.2269 4.2815 7.9850 0.7728
9.2269 4.2815 7.9970 0.7696
9.2269 4.2815 7.9970 0.7696
9.2269 4.2815 8.0007 0.7700
9.2269 4.2815 8.0007 0.7700
9.2269 4.2815 8.0007 0.7700
9.2269 4.2815 8.0021 0.7710
9.2269 4.2815 8.0142 0.7653
9.2269 4.2815 8.0197 0.7676
9.2269 4.2815 8.0232 0.7703
9.2269 4.2815 8.0235 0.7704
9.2269 4.2815 8.0253 0.7707
9.2269 4.2815 8.0253 0.7707
9.2269 4.2815 8.0253 0.7707
9.2269 4.2815 8.0323 0.7758
9.2269 4.2815 8.0361 0.7778
9.2269 4.2815 8.0446 0.7795
9.2269 4.2815 8.0504 0.7830
9.2269 4.2815 8.0504 0.7830
9.2269 4.2815 8.0504 0.7830
9.2269 4.2815 8.0532 0.7846
9.2269 4.2815 8.0532 0.7846
9.2269 4.2815 8.0580 0.7870
9.2269 4.2815 8.0580 0.7870
9.2269 4.2815 8.0634 0.7901
9.2269 4.2815 8.0680 0.7925
9.2269 4.2815 8.0702 0.7933
9.2269 4.2815 8.0702 0.7933
9.2269 4.2815 8.0729 0.7915
9.2269 4.2815 8.0850 0.7848
9.2269 4.2815 8.0850 0.7848
9.2269 4.2815 8.0902 0.7874
9.2269 4.2815 8.0951 0.7877
9.2269 4.2815 8.0951 0.7877
9.2269 4.2815 8.0951 0.7877
9.2269 4.2815 8.1004 0.7935
9.2269 4.2815 8.1079 0.8005
9.2269 4.2815 8.1079 0.8005
9.2269 4.2815 8.1148 0.8047
9.2269 4.2815 8.1276 0.7965
9.2269 4.2815 8.1276 0.7965
9.2269 4.2815 8.1286 0.7967
9.2269 4.2815 8.1286 0.7967
9.2269 4.2815 8.1443 0.7864
9.2269 4.2815 8.1443 0.7864
9.2269 4.2815 8.1469 0.7879
9.2269 4.2815 8.1469 0.7879
9.2269 4.2815 8.1707 0.7611
9.2269 4.2815 8.1724 0.7617
9.2269 4.2815 8.1724 0.7617
9.2269 4.2815 8.1732 0.7620
9.2269 4.2815 8.1770 0.7633
9.2269 4.2815 8.1831 0.7645
9.2269 4.2815 8.1909 0.7581
9.2269 4.2815 8.1935 0.7591
9.2269 4.2815 8.1994 0.7591
9.2269 4.2815 8.2041 0.7609
9.2269 4.2815 8.2047 0.7601
9.2269 4.2815 8.2077 0.7613
9.2269 4.2815 8.2124 0.7630
9.2269 4.2815 8.2124 0.7630
9.2269 4.2815 8.2163 0.7642
9.2269 4.2815 8.2232 0.7676
9.2269 4.2815 8.2372 0.7653
9.2269 4.2815 8.2375 0.7655
9.2269 4.2815 8.2477 0.7552
9.2269 5.4484 8.2610 0.6945
9.2269 5.4484 8.2610 0.6945
9.2269 5.4484 8.2936 0.6358
9.2269 5.4484 8.3095 0.6240
9.2269 5.4484 8.3397 0.5628
9.2269 5.4484 8.3397 0.5628
9.2269 5.4484 8.3397 0.5628
9.2269 5.4484 8.3397 0.5628
9.2269 5.4484 8.3397 0.5628
9.2269 5.4484 8.3563 0.5450
9.2269 5.4484 8.3563 0.5450
9.2269 5.4484 8.3568 0.5453
9.2269 5.4484 8.3593 0.5474
9.2269 5.4484 8.3602 0.5479
9.2269 5.4484 8.3631 0.5492
9.2358 5.4484 8.3632 0.5494
9.2358 5.4484 8.3722 0.5495
9.2358 5.4484 8.3722 0.5495
9.2358 5.4484 8.3722 0.5495
9.2358 5.4484 8.3730 0.5504
9.2358 5.4484 8.3755 0.5514
9.2358 5.4484 8.3786 0.5516
9.2358 5.4484 8.3786 0.5516
9.2358 5.4484 8.3808 0.5516
9.2358 5.4484 8.3824 0.5521
9.2358 5.4484 8.3824 0.5521
9.2358 5.4484 8.4005 0.5372
9.2358 5.4484 8.4005 0.5372
9.2358 5.4484 8.4036 0.5395
9.2358 5.4484 8.4036 0.5395
9.2358 5.4484 8.4036 0.5395
9.2358 5.4484 8.4081 0.5444
9.2358 5.4484 8.4103 0.5458
9.2358 5.4484 8.4253 0.5338
9.2358 5.4484 8.4321 0.5337
9.2358 5.4484 8.4413 0.5258
9.2358 5.4484 8.4413 0.5258
9.2358 5.4484 8.4413 0.5258
9.2358 5.4484 8.4423 0.5262
9.2358 5.4484 8.4477 0.5285
9.2358 5.4484 8.4494 0.5298
9.2358 5.4484 8.4494 0.5298
9.2358 5.4484 8.4532 0.5297
9.2358 5.4484 8.4537 0.5299
9.2358 5.4484 8.4537 0.5299
9.2358 5.4484 8.4587 0.5317
9.2358 5.4484 8.4588 0.5317
9.2358 5.4484 8.4588 0.5317
9.2358 5.4484 8.4588 0.5317
9.2358 5.4484 8.4588 0.5317
9.2358 5.4484 8.4618 0.5317
9.2358 5.4484 8.4618 0.5317
9.2358 5.4484 8.4618 0.5317
9.2358 5.4484 8.4672 0.5361
9.2358 5.4484 8.4762 0.5336
9.2358 5.4484 8.4762 0.5336
9.2358 5.4484 8.4762 0.5336
9.2358 5.4484 8.4763 0.5336
9.2358 5.4484 8.4792 0.5369
9.2358 5.4484 8.4792 0.5369
9.2358 5.4484 8.4792 0.5369
9.2358 5.4484 8.4798 0.5371
9.2358 5.4484 8.4828 0.5389
9.2358 5.4484 8.4854 0.5394
9.2358 5.4484 8.4975 0.5310
9.2358 5.4484 8.4975 0.5310
9.2358 5.4484 8.5001 0.5310
9.2358 5.4484 8.5015 0.5312
9.2358 5.4484 8.5047 0.5315
9.2358 5.4484 8.5092 0.5357
9.2358 5.4484 8.5130 0.5352
9.2358 5.4484 8.5166 0.5346
9.2358 5.4484 8.5166 0.5346
9.2358 5.4484 8.5189 0.5360
9.2358 5.4484 8.5195 0.5361
9.2358 5.4484 8.5195 0.5361
9.2358 5.4484 8.5195 0.5361
9.2358 5.4484 8.5210 0.5369
9.2358 5.4484 8.5210 0.5369
9.2358 5.4484 8.5213 0.5372
9.2358 5.4484 8.5346 0.5232
9.2358 5.4484 8.5396 0.5240
9.2358 5.4484 8.5490 0.5255
9.2358 5.4484 8.5558 0.5220
9.2358 5.4484 8.5652 0.5249
9.2358 5.4484 8.5683 0.5262
9.2358 5.4484 8.5683 0.5263
9.2358 5.4484 8.5689 0.5264
9.2358 5.4484 8.5706 0.5276
9.2358 5.4484 8.5737 0.5289
9.2358 5.4484 8.5737 0.5289
9.2358 5.4484 8.5737 0.5289
9.2358 5.4484 8.5737 0.5289
9.2358 5.4484 8.5738 0.5289
9.2358 5.4484 8.5867 0.5219
9.2358 5.4484 8.5867 0.5219
9.2358 5.4484 8.5867 0.5219
9.2834 5.4484 8.5904 0.5237
9.2834 5.4484 8.5904 0.5237
9.2834 5.4484 8.5904 0.5237
9.2834 5.4484 8.5940 0.5225
9.2834 5.4484 8.5940 0.5225
9.2834 5.4484 8.5944 0.5230
9.2834 5.4484 8.5944 0.5230
9.2834 5.4484 8.5944 0.5230
9.2834 5.4484 8.5976 0.5241
9.2834 5.4484 8.6108 0.5098
9.2834 5.4484 8.6108 0.5098
9.2834 5.4484 8.6108 0.5098
9.2834 5.4484 8.6108 0.5098
9.2834 5.4484 8.6136 0.5107
9.2834 5.4484 8.6174 0.5094
9.2834 5.4484 8.6174 0.5094
9.2834 5.4484 8.6174 0.5094
9.2834 5.4484 8.6176 0.5094
9.2834 5.4484 8.6197 0.5103
9.2834 5.4484 8.6205 0.5103
9.2834 5.4484 8.6205 0.5103
9.2834 5.4484 8.6205 0.5103
9.2834 5.4484 8.6264 0.5106
9.2834 5.4484 8.6287 0.5126
9.2834 5.4484 8.6318 0.5135
9.2834 5.4484 8.6349 0.5124
9.2834 5.4484 8.6367 0.5128
9.2834 5.4484 8.6369 0.5128
9.2834 5.4484 8.6369 0.5128
9.2834 5.4484 8.6394 0.5134
9.2834 5.4484 8.6418 0.5139
9.2834 5.4484 8.6443 0.5145
9.2834 5.4484 8.6443 0.5145
9.2834 5.4484 8.6445 0.5145
9.2834 5.4484 8.6447 0.5145
9.2834 5.4484 8.6447 0.5145
9.2834 5.4484 8.6472 0.5154
9.2834 5.4484 8.6472 0.5154
9.2834 5.4484 8.6523 0.5185
9.2834 5.4484 8.6572 0.5167
9.2834 5.4484 8.6572 0.5167
9.2834 5.4484 8.6572 0.5167
9.2834 5.4484 8.6583 0.5167
9.2834 5.4484 8.6630 0.5151
9.2834 5.4484 8.6630 0.5151
9.2834 5.4484 8.6639 0.5151
9.2834 5.4484 8.6703 0.5140
9.2834 5.4484 8.6706 0.5139
9.2834 5.4484 8.6739 0.5162
9.2834 5.4484 8.6796 0.5145
9.2834 5.4484 8.6857 0.5172
9.2834 5.4484 8.6860 0.5171
9.2834 5.4484 8.6860 0.5171
9.2834 5.4484 8.6860 0.5171
9.2834 5.4484 8.6860 0.5171
9.2834 5.4484 8.6867 0.5171
9.2834 5.4484 8.6868 0.5173
9.2834 5.4484 8.6868 0.5173
9.2834 5.4484 8.6872 0.5173
9.2834 5.4484 8.6973 0.4984
9.2834 5.4484 8.6973 0.4984
9.2834 5.4484 8.6996 0.4990
9.2834 5.4484 8.6996 0.4990
9.2834 5.4484 8.6996 0.4990
9.2834 5.4484 8.6996 0.4990
9.2834 5.4484 8.7011 0.4993
9.2834 5.4484 8.7011 0.4993
9.2834 5.4484 8.7011 0.4993
9.2834 5.4484 8.7011 0.4993
9.2834 5.4484 8.7011 0.4993
9.2834 5.4484 8.7051 0.5002
9.2834 5.4484 8.7051 0.5002
9.2834 5.4484 8.7114 0.4984
9.2834 5.4484 8.7131 0.4993
9.2834 5.4484 8.7161 0.5002
9.2834 5.4484 8.7182 0.5007
9.2834 5.4484 8.7188 0.5008
9.2834 5.4484 8.7301 0.4721
9.2834 5.4484 8.7301 0.4722
9.2834 5.4484 8.7301 0.4722
9.2834 5.4484 8.7302 0.4722
9.2834 5.4484 8.7322 0.4732
9.2834 5.4484 8.7405 0.4719
9.2834 5.4484 8.7413 0.4728
9.2834 7.0392 8.7746 0.3376
9.2834 7.0392 8.7771 0.3382
9.2834 7.0392 8.7818 0.3372
9.2834 7.0392 8.7836 0.3369
9.2834 7.0392 8.7836 0.3369
9.2834 7.0392 8.7858 0.3372
9.2834 7.0392 8.7859 0.3372
9.2834 7.0392 8.7873 0.3381
9.2834 7.0392 8.7920 0.3405
9.2834 7.0392 8.8005 0.3407
9.2834 7.0392 8.8005 0.3407
9.2834 7.0392 8.8031 0.3427
9.2834 7.0392 8.8048 0.3437
9.2834 7.0392 8.8049 0.3437
9.2834 7.0392 8.8055 0.3439
9.2834 7.0392 8.8084 0.3439
9.2834 7.0392 8.8112 0.3461
9.2834 7.0392 8.8112 0.3461
9.2834 7.0392 8.8112 0.3461
9.2834 7.0392 8.8114 0.3457
9.2834 7.0392 8.8114 0.3457
9.2834 7.0392 8.8114 0.3457
9.2834 7.0392 8.8126 0.3458
9.2834 7.0392 8.8152 0.3477
9.2834 7.0392 8.8152 0.3477
9.2834 7.0392 8.8152 0.3477
9.2834 7.0392 8.8202 0.3499
9.2834 7.0392 8.8235 0.3499
9.2834 7.0392 8.8295 0.3511
9.2834 7.0392 8.8315 0.3511
9.2834 7.0392 8.8350 0.3518
9.2834 7.0392 8.8365 0.3524
9.2834 7.0392 8.8365 0.3524
9.2834 7.0392 8.8365 0.3524
9.2834 7.0392 8.8368 0.3525
9.2834 7.0392 8.8415 0.3477
9.2834 7.0392 8.8415 0.3477
9.2834 7.0392 8.8425 0.3472
9.2834 7.0392 8.8425 0.3472
9.2834 7.0392 8.8436 0.3455
9.2834 7.0392 8.8436 0.3455
9.2834 7.0392 8.8466 0.3463
9.2834 7.0392 8.8564 0.3431
9.2834 7.0392 8.8587 0.3429
9.2834 7.0392 8.8587 0.3429
9.2834 7.0392 8.8587 0.3429
9.2834 7.0392 8.8587 0.3429
9.2834 7.0392 8.8587 0.3429
9.2834 7.0392 8.8591 0.3430
9.2834 7.0392 8.8591 0.3430
9.2834 7.0392 8.8591 0.3430
9.2834 7.0392 8.8616 0.3427
9.2834 7.0392 8.8618 0.3427
9.2834 7.6449 8.8748 0.2945
9.2834 7.6449 8.8748 0.2945
9.2834 7.6449 8.8748 0.2945
9.2834 7.6449 8.8750 0.2946
9.2834 7.6449 8.8750 0.2946
9.2834 7.6449 8.8750 0.2946
9.2834 7.6449 8.8797 0.2959
9.2834 7.6449 8.8817 0.2966
9.2834 7.6449 8.8842 0.2981
9.2834 7.6449 8.8842 0.2981
9.2834 7.6449 8.8842 0.2981
9.2834 7.6449 8.8842 0.2981
9.2834 7.6449 8.8842 0.2981
9.2834 7.6449 8.8847 0.2982
9.2834 7.6449 8.8847 0.2982
9.2834 7.6449 8.8847 0.2982
9.2834 7.6449 8.8855 0.2984
9.2834 7.6449 8.8855 0.2984
9.2834 7.6449 8.8855 0.2984
9.2834 7.6449 8.8878 0.2990
9.2834 7.6449 8.8878 0.2990
9.2834 7.6449 8.8895 0.2978
9.2834 7.6449 8.8895 0.2978
9.2834 7.6449 8.8918 0.2973
9.2834 7.6449 8.8931 0.2978
9.2834 7.6449 8.8931 0.2978
9.2834 7.6449 8.8948 0.2976
9.2834 7.6449 8.9013 0.2989
9.2834 7.6449 8.9013 0.2989
9.2834 7.6449 8.9013 0.2989
9.2834 7.6449 8.9013 0.2989
9.2834 7.6449 8.9013 0.2989
9.2834 7.6449 8.9026 0.2994
9.2834 7.6449 8.9039 0.3004
9.2834 7.6449 8.9039 0.3004
9.2834 7.6449 8.9065 0.3019
9.2834 7.6449 8.9091 0.3033
9.2834 7.6449 8.9157 0.2961
9.2834 7.6449 8.9188 0.2957
9.2834 7.6449 8.9212 0.2932
9.2834 7.6449 8.9213 0.2934
9.2834 7.6449 8.9213 0.2934
9.2834 7.6449 8.9229 0.2932
9.2834 7.6449 8.9333 0.2862
9.2834 7.6449 8.9333 0.2862
9.2834 7.6449 8.9334 0.2864
9.2834 7.6449 8.9356 0.2856
9.2834 7.6449 8.9356 0.2856
9.2834 7.6449 8.9358 0.2857
9.2834 7.6449 8.9375 0.2871
9.2834 7.6449 8.9395 0.2885
9.2834 7.6449 8.9395 0.2885
9.2834 7.6449 8.9395 0.2885
9.2834 7.6449 8.9395 0.2885
9.2834 7.6449 8.9458 0.2823
9.2834 7.6449 8.9509 0.2828
9.2834 7.6449 8.9509 0.2828
9.2834 7.6449 8.9558 0.2830
9.2834 7.6449 8.9558 0.2830
9.2834 7.6449 8.9645 0.2691
9.2834 7.6449 8.9676 0.2706
9.2834 7.6449 8.9706 0.2700
9.2834 7.6449 8.9720 0.2686
9.2834 7.6449 8.9720 0.2686
9.2857 7.6449 8.9720 0.2687
9.2857 7.6449 8.9720 0.2687
9.2857 7.6449 8.9747 0.2675
9.2857 7.6449 8.9758 0.2677
9.2857 7.6449 8.9786 0.2688
9.2857 7.6449 8.9824 0.2692
9.2857 7.6449 8.9844 0.2683
9.2857 7.6449 8.9879 0.2672
9.2857 7.6449 8.9879 0.2672
9.2857 7.6449 8.9927 0.2667
9.2857 7.6449 8.9927 0.2667
9.2857 7.6449 8.9941 0.2667
9.2857 7.6449 8.9941 0.2667
9.2857 7.6449 8.9971 0.2674
9.2857 7.6449 8.9977 0.2679
9.2857 7.6449 9.0003 0.2686
9.2857 7.6449 9.0003 0.2686
9.2857 7.6449 9.0026 0.2698
9.2857 7.6449 9.0067 0.2629
9.2857 7.6449 9.0080 0.2630
9.2857 7.6449 9.0092 0.2629
9.2857 7.6449 9.0092 0.2629
9.2857 7.6449 9.0124 0.2641
9.2857 7.6449 9.0149 0.2647
9.2857 7.6449 9.0149 0.2647
9.2857 7.6449 9.0150 0.2646
9.2857 7.6449 9.0150 0.2646
9.2857 7.6449 9.0150 0.2646
9.2857 7.6449 9.0151 0.2645
9.2857 7.6449 9.0200 0.2634
9.2857 7.6449 9.0200 0.2634
9.2857 7.6449 9.0200 0.2634
9.2857 7.6449 9.0200 0.2634
9.2857 7.6449 9.0223 0.2618
9.2857 7.6449 9.0265 0.2612
9.2857 7.6449 9.0265 0.2612
9.2857 7.6449 9.0265 0.2612
9.2857 7.6449 9.0265 0.2612
9.2857 7.6449 9.0287 0.2595
9.2857 7.6449 9.0303 0.2602
9.2857 7.6449 9.0303 0.2602
9.2857 7.6449 9.0303 0.2602
9.2857 7.6449 9.0303 0.2602
9.2857 7.6449 9.0316 0.2609
9.2857 7.6449 9.0318 0.2608
9.2857 7.6449 9.0346 0.2616
9.2857 7.6449 9.0353 0.2616
9.2857 7.6449 9.0353 0.2616
9.2857 7.6449 9.0383 0.2554
9.2857 7.6449 9.0383 0.2554
9.2857 7.6449 9.0383 0.2554
9.2857 7.6449 9.0385 0.2556
9.2857 7.6449 9.0433 0.2541
9.2857 7.6449 9.0433 0.2541
9.2857 7.6449 9.0433 0.2541
9.2857 7.6449 9.0433 0.2541
9.2857 7.6449 9.0433 0.2541
9.2857 7.6449 9.0484 0.2495
9.2857 7.6449 9.0501 0.2503
9.2857 7.6449 9.0501 0.2503
9.2857 7.6449 9.0501 0.2503
9.2857 7.6449 9.0513 0.2508
9.2857 7.6449 9.0523 0.2508
9.2857 7.6449 9.0523 0.2508
9.2857 7.6449 9.0523 0.2508
9.2857 7.6449 9.0537 0.2513
9.2857 7.6449 9.0537 0.2513
9.2857 7.6449 9.0566 0.2516
9.2857 7.6449 9.0566 0.2516
9.2857 7.6449 9.0566 0.2516
9.2857 7.6449 9.0566 0.2516
9.2857 7.6449 9.0566 0.2516
9.2857 7.6449 9.0566 0.2516
9.2857 7.6449 9.0566 0.2516
9.2857 7.6449 9.0566 0.2516
9.2857 7.6449 9.0611 0.2478
9.2857 7.6449 9.0611 0.2478
9.2857 7.6449 9.0611 0.2478
9.2857 7.6449 9.0611 0.2478
9.2857 7.6449 9.0611 0.2478
9.2857 7.9777 9.0737 0.2035
9.2857 7.9777 9.0737 0.2035
9.2857 7.9777 9.0737 0.2035
9.2857 7.9777 9.0753 0.2027
9.2857 7.9777 9.0753 0.2027
9.2857 7.9777 9.0753 0.2027
9.2857 7.9777 9.0798 0.2004
9.2857 7.9777 9.0798 0.2004
9.2857 7.9777 9.0836 0.1972
9.2857 7.9777 9.0862 0.1971
9.2857 7.9777 9.0862 0.1971
9.2857 7.9777 9.0889 0.1970
9.2857 7.9777 9.0891 0.1969
9.2857 7.9777 9.0891 0.1969
9.2857 7.9777 9.0891 0.1969
9.2857 7.9777 9.0891 0.1969
9.2857 7.9777 9.0909 0.1977
9.2857 7.9777 9.0909 0.1977
9.2857 7.9777 9.0910 0.1977
9.2857 7.9777 9.0910 0.1977
9.2857 7.9777 9.0910 0.1977
9.2857 7.9777 9.0942 0.1973
9.2857 7.9777 9.0942 0.1973
9.2857 7.9777 9.0964 0.1972
9.2857 7.9777 9.0973 0.1963
9.2857 7.9777 9.0983 0.1957
9.2857 7.9777 9.0983 0.1957
9.2857 7.9777 9.0983 0.1957
9.2857 7.9777 9.0983 0.1957
9.2857 7.9777 9.0983 0.1957
9.2857 7.9777 9.0983 0.1957
9.2857 7.9777 9.0983 0.1957
9.2857 7.9777 9.0983 0.1957
9.2857 7.9777 9.0983 0.1957
9.2857 7.9777 9.1015 0.1958
9.2857 7.9777 9.1029 0.1962
9.2857 7.9777 9.1061 0.1962
9.2857 7.9777 9.1061 0.1962
9.2857 7.9777 9.1083 0.1945
9.2857 7.9777 9.1083 0.1945
9.2857 7.9777 9.1083 0.1945
9.2857 7.9777 9.1108 0.1910
9.2857 7.9777 9.1108 0.1910
9.2857 7.9777 9.1108 0.1910
9.2857 7.9777 9.1108 0.1910
9.2857 7.9777 9.1108 0.1910
9.2857 7.9777 9.1134 0.1905
9.2857 7.9777 9.1138 0.1904
9.2857 7.9777 9.1138 0.1904
9.2857 7.9777 9.1138 0.1904
9.2857 7.9777 9.1138 0.1904
9.2857 7.9777 9.1141 0.1906
9.2857 7.9777 9.1146 0.1910
9.2857 7.9777 9.1146 0.1910
9.2857 7.9777 9.1146 0.1910
9.2857 7.9777 9.1146 0.1910
9.2857 7.9777 9.1147 0.1910
9.2857 7.9777 9.1147 0.1910
9.2857 7.9777 9.1168 0.1906
9.2857 7.9777 9.1183 0.1908
9.2857 7.9777 9.1183 0.1908
9.2857 7.9777 9.1183 0.1908
9.2857 7.9777 9.1183 0.1908
9.2857 7.9777 9.1183 0.1908
9.2857 7.9777 9.1183 0.1908
9.2857 7.9777 9.1186 0.1910
9.2857 7.9777 9.1189 0.1911
9.2857 7.9777 9.1189 0.1911
9.2857 7.9777 9.1212 0.1903
9.2857 7.9777 9.1212 0.1903
9.2857 7.9777 9.1212 0.1903
9.2857 7.9777 9.1212 0.1903
9.2857 7.9777 9.1220 0.1903
9.2857 7.9777 9.1220 0.1903
9.2857 7.9777 9.1220 0.1903
9.2857 7.9777 9.1236 0.1906
9.2857 7.9777 9.1236 0.1906
9.2857 7.9777 9.1259 0.1898
9.2857 8.6083 9.1388 0.1512
9.2857 8.6083 9.1388 0.1512
9.2857 8.6083 9.1388 0.1512
9.2857 8.6083 9.1388 0.1512
9.2857 8.6083 9.1388 0.1512
9.2857 8.6083 9.1388 0.1512
9.2857 8.6083 9.1388 0.1513
9.2857 8.6083 9.1393 0.1515
9.2857 8.6083 9.1393 0.1515
9.2857 8.6083 9.1393 0.1515
9.2857 8.6083 9.1393 0.1515
9.2857 8.6083 9.1393 0.1515
9.2857 8.6083 9.1393 0.1515
9.2857 8.6083 9.1453 0.1430
9.2857 8.6312 9.1512 0.1325
9.3011 8.6312 9.1518 0.1330
9.3011 8.6312 9.1531 0.1332
9.3011 8.6312 9.1544 0.1330
9.3011 8.6312 9.1554 0.1335
9.3011 8.6312 9.1554 0.1335
9.3011 8.6312 9.1554 0.1335
