4.2396 0.0100 0.3316 0.6854
5.3869 0.0100 0.4043 0.9354
5.3869 0.0100 0.4149 0.9370
5.3869 0.0100 0.4409 0.9434
5.3869 0.0100 0.4714 0.9562
5.3869 0.0100 0.4901 0.9654
5.3869 0.0100 0.5003 0.9657
5.3869 0.0100 0.5105 0.9659
5.3869 0.0100 0.5502 1.0242
5.3869 0.0100 0.5777 1.0421
5.3869 0.0100 0.5874 1.0413
5.3869 0.0100 0.5975 1.0504
5.3869 0.0100 0.6005 1.0521
5.3869 0.0100 0.6321 1.0606
5.3869 0.0100 0.6717 1.1096
5.3869 0.0100 0.6922 1.1067
5.3869 0.0100 0.7025 1.1051
5.3869 0.0100 0.7157 1.1169
5.3869 0.0100 0.7581 1.1687
5.3869 0.0100 0.7784 1.1731
5.3869 0.0100 0.7990 1.1684
5.3869 0.0100 0.7990 1.1684
5.3869 0.0100 0.8009 1.1672
5.3869 0.0100 0.8219 1.1623
5.3869 0.0100 0.8996 1.2333
5.3869 0.0100 0.9266 1.2282
5.3869 0.0100 0.9325 1.2343
5.3869 0.0100 0.9428 1.2308
6.2873 0.0100 0.9920 1.3403
6.2873 0.0100 1.0061 1.3374
6.2873 0.0100 1.0630 1.4130
6.2873 0.0100 1.0731 1.4090
6.2873 0.0100 1.1592 1.4717
6.2873 0.0100 1.1750 1.4686
6.2873 0.0100 1.1766 1.4685
6.2873 0.0100 1.2244 1.5392
6.2873 0.0100 1.2245 1.5392
6.2873 0.0100 1.2878 1.6072
6.2873 0.0100 1.2878 1.6072
6.2873 0.0100 1.3058 1.6098
6.2873 0.0100 1.3163 1.6048
6.2873 0.0100 1.3325 1.5997
6.2873 0.0100 1.3788 1.6196
6.2873 0.0100 1.3912 1.6205
6.2873 0.0100 1.4768 1.7214
6.2873 0.0100 1.5033 1.7088
6.2873 0.0100 1.5034 1.7087
6.2873 0.0100 1.5035 1.7086
6.2873 0.0100 1.5276 1.7227
6.2873 0.0100 1.5496 1.7364
6.2873 0.0100 1.5579 1.7365
6.2873 0.0100 1.6132 1.7740
6.2873 0.0100 1.6151 1.7738
6.2873 0.0100 1.6275 1.7669
6.2873 0.0100 1.6393 1.7669
6.2873 0.0100 1.6493 1.7663
6.2873 0.0100 1.6861 1.7723
6.2873 0.0100 1.7172 1.7562
6.2873 0.0100 1.7274 1.7492
6.2873 0.0100 1.7468 1.7405
6.2873 0.0100 1.7591 1.7325
6.2873 0.0100 1.8088 1.7875
7.0978 0.0100 1.9085 1.9317
7.0978 0.0100 1.9095 1.9317
7.0978 0.0100 1.9719 1.9653
7.0978 0.0100 1.9926 1.9500
7.0978 0.0100 2.0369 1.9769
7.0978 0.0100 2.0789 1.9780
7.0978 0.0100 2.0789 1.9780
7.0978 0.0100 2.0801 1.9773
7.0978 0.0100 2.0801 1.9773
7.0978 0.0100 2.1252 2.0091
7.0978 0.0100 2.1332 2.0237
7.0978 0.0100 2.1337 2.0235
7.0978 0.0100 2.1337 2.0235
7.0978 0.0100 2.1466 2.0139
7.0978 0.0100 2.1658 2.0025
7.0978 0.0100 2.1932 2.0073
7.0978 0.0100 2.2038 2.0036
7.0978 0.0100 2.2442 2.0394
7.0978 0.0100 2.2708 2.0187
7.0978 0.0100 2.3264 2.0321
7.0978 0.0100 2.3366 2.0230
7.0978 0.0100 2.3389 2.0220
7.0978 0.0100 2.3777 2.0340
7.0978 0.0100 2.3914 2.0516
7.0978 0.0100 2.4013 2.0489
7.0978 0.0100 2.4147 2.0376
7.0978 0.0100 2.4414 2.0338
7.0978 0.0100 2.4654 2.0688
7.0978 0.0100 2.4823 2.0756
7.0978 0.0100 2.4931 2.0861
7.0978 0.0100 2.5040 2.0813
7.0978 0.0100 2.5547 2.0819
7.1415 0.0100 2.6157 2.1255
7.1415 0.0100 2.6260 2.1154
7.1415 0.0100 2.6415 2.1018
7.1415 0.0100 2.6415 2.1018
7.1415 0.0100 2.6466 2.0986
7.1415 0.0100 2.6518 2.1065
7.1415 0.0100 2.6634 2.1000
7.1415 0.0100 2.6634 2.1000
7.1415 0.0100 2.6768 2.0874
7.1415 0.0100 2.7076 2.0857
7.1415 0.0100 2.7366 2.1084
7.1415 0.0100 2.7514 2.1054
7.1415 0.0100 2.7685 2.1010
7.1415 0.0100 2.7688 2.1007
7.1415 0.0100 2.7982 2.0825
7.1415 0.0100 2.8485 2.1092
7.1415 0.0100 2.8801 2.1336
7.1415 0.0100 2.9062 2.1342
7.1415 0.0100 2.9062 2.1342
7.1415 0.0100 2.9190 2.1291
7.1415 0.0100 2.9624 2.1136
7.1415 0.0100 2.9721 2.1022
7.1415 0.0100 2.9741 2.1050
7.1415 0.0100 2.9741 2.1050
7.1415 0.0100 2.9815 2.1106
7.1415 0.0100 3.0395 2.1078
7.1415 0.0100 3.0876 2.1213
7.1415 0.0100 3.1137 2.1383
7.1415 0.0100 3.1615 2.1448
7.1415 0.0100 3.2107 2.1519
7.1415 0.0100 3.2498 2.1691
7.1415 0.0100 3.2498 2.1691
7.1415 0.0100 3.2743 2.1880
7.1415 0.0100 3.2743 2.1880
7.1415 0.0100 3.2743 2.1880
7.1415 0.0100 3.2964 2.2086
7.1415 0.0100 3.3464 2.2135
7.1415 0.0100 3.3464 2.2135
7.1415 0.0100 3.3542 2.2182
7.1415 0.0100 3.4067 2.2249
7.1415 0.0100 3.4067 2.2249
7.1415 0.0100 3.4532 2.2511
7.1415 0.0100 3.4532 2.2511
7.1415 0.0100 3.4602 2.2597
7.1415 0.0100 3.5182 2.2448
7.1415 0.0100 3.5429 2.2298
7.1415 0.0100 3.5751 2.2167
7.1415 0.0100 3.5751 2.2167
7.1415 0.0100 3.6255 2.2231
7.1415 0.0100 3.6282 2.2259
7.1415 0.0100 3.6605 2.2410
7.1415 0.0100 3.6638 2.2443
7.1415 0.0100 3.6789 2.2361
7.1415 0.0100 3.7045 2.2509
7.1415 0.0166 3.7510 2.2219
7.1415 0.0166 3.7709 2.2237
7.1415 0.0166 3.7817 2.2080
7.1415 0.0166 3.7896 2.2136
7.1415 0.0166 3.7896 2.2136
7.1415 0.0166 3.7929 2.2167
7.1415 0.0166 3.8300 2.2321
7.1415 0.0166 3.8638 2.2464
7.1415 0.0166 3.8990 2.2380
7.1415 0.0166 3.9465 2.2271
7.1415 0.0166 3.9556 2.2365
7.1415 0.0166 3.9852 2.2172
7.1415 0.0166 4.0039 2.2001
7.1415 0.0166 4.0159 2.2132
7.1415 0.0166 4.0197 2.2174
7.1415 0.0166 4.0691 2.2172
7.1415 0.0166 4.0691 2.2172
7.1415 0.0166 4.1123 2.1999
7.1415 0.0166 4.1245 2.2021
7.1415 0.0166 4.1347 2.1853
7.1415 0.0166 4.1523 2.1825
7.1415 0.0166 4.1523 2.1825
7.1415 0.0166 4.1523 2.1825
7.1415 0.0166 4.1523 2.1825
7.1415 0.0166 4.1725 2.1533
7.1415 0.0166 4.1777 2.1589
7.1415 0.0166 4.2072 2.1358
7.1415 0.0166 4.2099 2.1386
7.1415 0.0166 4.2454 2.1317
7.1415 0.0166 4.2454 2.1317
7.1415 0.0166 4.2454 2.1317
7.1415 0.0166 4.2460 2.1324
7.1415 0.0166 4.2460 2.1324
7.1415 0.0166 4.2896 2.1208
7.1415 0.0166 4.2896 2.1208
7.1415 0.0166 4.3521 2.0857
7.1415 0.0166 4.4060 2.0766
7.1415 0.0166 4.4060 2.0766
7.1415 0.0166 4.4123 2.0793
7.1415 0.0166 4.4123 2.0793
7.1415 0.0166 4.4139 2.0805
7.1415 0.0166 4.4139 2.0805
7.1415 0.0166 4.4294 2.0843
7.1415 0.0166 4.4294 2.0843
7.1415 0.0166 4.4324 2.0796
7.1415 0.0166 4.4380 2.0837
7.1415 0.0166 4.4782 2.0769
7.1415 0.0166 4.4782 2.0769
7.1415 0.0166 4.5157 2.0907
7.1415 0.0166 4.5157 2.0907
7.1415 0.0166 4.5206 2.0943
7.1415 0.0166 4.5619 2.0829
7.1415 0.0166 4.6077 2.0718
7.1415 0.0166 4.6469 2.0407
7.1415 0.0166 4.6716 2.0474
7.1415 0.0166 4.6741 2.0494
7.1415 0.0166 4.6819 2.0552
7.1415 0.0166 4.6819 2.0551
7.1415 0.0166 4.6937 2.0643
7.1415 0.0166 4.6970 2.0672
7.1415 0.0166 4.7036 2.0727
7.1415 0.0166 4.7037 2.0728
7.1415 0.0166 4.7292 2.0761
7.1415 0.0166 4.7293 2.0760
7.1415 0.0166 4.7443 2.0779
7.1415 0.0166 4.7677 2.0839
7.1415 0.0166 4.7677 2.0839
7.1415 0.0166 4.7706 2.0861
7.1415 0.0166 4.7706 2.0861
7.1415 0.0166 4.7747 2.0883
7.1415 0.0166 4.7813 2.0914
7.1415 0.0166 4.7924 2.0824
7.1415 0.0166 4.8350 2.0460
7.1415 0.0166 4.8350 2.0460
7.1415 0.0166 4.8633 2.0133
7.1415 0.0166 4.8833 2.0209
7.1415 0.0166 4.8970 2.0061
7.1415 0.0166 4.9504 1.9808
7.1415 0.0166 4.9576 1.9827
7.1415 0.0166 4.9577 1.9828
7.2060 0.0166 4.9632 1.9882
7.2060 0.0166 5.0238 1.9610
7.2060 0.0166 5.0425 1.9594
7.2060 0.0166 5.0704 1.9388
7.2060 0.0166 5.0740 1.9393
7.2060 0.0166 5.0840 1.9448
7.2060 0.0166 5.0971 1.9543
7.2060 0.0166 5.1053 1.9556
7.2060 0.0166 5.1127 1.9595
7.2060 0.0166 5.1225 1.9647
7.2060 0.0166 5.1225 1.9647
7.2060 0.0166 5.1225 1.9647
7.2060 0.0166 5.1225 1.9647
7.2060 0.0166 5.1660 1.9590
7.2060 0.0166 5.1660 1.9590
7.2060 0.0166 5.2141 1.9405
7.2060 0.0166 5.2200 1.9400
7.2060 0.0166 5.2227 1.9424
7.2060 0.0166 5.2288 1.9301
7.3314 0.0166 5.2373 1.9374
7.3314 0.0166 5.2477 1.9458
7.3314 0.0166 5.2477 1.9458
7.3615 0.0166 5.2586 1.9502
7.3615 0.0166 5.3079 1.9342
7.3615 0.0166 5.3679 1.8934
7.3615 0.0166 5.3679 1.8934
7.3615 0.0166 5.3985 1.8831
7.3615 0.0166 5.4000 1.8839
7.3615 0.0166 5.4140 1.8886
7.3615 0.0166 5.4140 1.8886
7.3615 0.0166 5.4154 1.8853
7.5078 0.0166 5.4169 1.8869
7.5078 0.0166 5.4420 1.8585
7.5078 0.0166 5.4949 1.8163
7.5078 0.0166 5.5252 1.8234
7.5078 0.0166 5.5257 1.8237
7.5078 0.0166 5.5296 1.8237
7.5078 0.0166 5.5296 1.8237
7.5078 0.0166 5.5473 1.8200
7.5078 0.0166 5.5595 1.8237
7.5078 0.0166 5.5659 1.8264
7.5078 0.0166 5.5715 1.8259
7.5078 0.0166 5.5885 1.8279
7.5078 0.0166 5.5922 1.8297
7.5078 0.0166 5.5968 1.8320
7.5078 0.0166 5.6681 1.7504
7.5078 0.0166 5.6681 1.7504
7.5078 0.0166 5.6681 1.7504
7.5078 0.0166 5.7002 1.7469
7.5078 0.0166 5.7006 1.7472
7.5078 0.0166 5.7006 1.7472
7.5078 0.0166 5.7006 1.7472
7.5078 0.0166 5.7006 1.7472
7.5078 0.0166 5.7006 1.7472
7.5078 0.0166 5.7561 1.6950
7.5078 0.0166 5.7642 1.6966
7.5078 0.0166 5.7642 1.6966
7.5078 0.0166 5.7642 1.6966
7.5078 0.0166 5.8180 1.6347
7.5078 0.0166 5.8195 1.6354
7.5078 0.0166 5.8195 1.6354
7.5078 0.0166 5.8198 1.6355
7.5078 0.0166 5.8352 1.6303
7.5078 0.0166 5.8352 1.6303
7.5078 0.0166 5.8358 1.6304
7.5078 0.0166 5.8440 1.6324
7.5078 0.0166 5.8440 1.6324
7.5078 0.0166 5.8539 1.6366
7.5078 0.0166 5.8546 1.6369
7.5078 0.0166 5.8586 1.6380
7.5078 0.0166 5.8692 1.6425
7.5078 0.0166 5.8743 1.6457
7.5078 0.0166 5.8974 1.6511
7.5078 0.0166 5.9044 1.6533
7.5078 0.0166 5.9140 1.6575
7.5078 0.0166 5.9149 1.6582
7.5078 0.0166 5.9180 1.6596
7.5078 0.0166 5.9189 1.6601
7.5078 0.0166 5.9281 1.6608
7.5078 0.0166 5.9304 1.6618
7.5078 0.0166 5.9445 1.6346
7.5078 0.0166 5.9892 1.5876
7.5078 0.0166 5.9893 1.5876
7.5078 0.0166 5.9894 1.5876
7.5078 0.0166 6.0391 1.5277
7.5078 0.0166 6.0434 1.5296
7.5078 0.0166 6.0440 1.5298
7.5078 0.0166 6.0440 1.5298
7.5078 0.0166 6.0465 1.5309
7.5078 0.0166 6.0547 1.5075
7.5078 0.0166 6.0584 1.5088
7.5078 0.0166 6.0584 1.5088
7.5078 0.0166 6.0593 1.5091
7.5078 0.0166 6.0642 1.5088
7.5078 0.0166 6.0714 1.5092
7.5078 0.0166 6.0714 1.5092
7.5078 0.0166 6.0759 1.5116
7.5078 0.0166 6.0759 1.5116
7.5078 0.0166 6.0759 1.5116
7.5109 0.0166 6.0806 1.5153
7.5109 0.0166 6.1293 1.4661
7.5109 0.0166 6.1319 1.4674
7.5109 0.0166 6.1319 1.4674
7.5109 0.0166 6.1389 1.4724
7.5109 0.0166 6.1442 1.4756
7.5109 0.0166 6.1456 1.4765
7.5109 0.0166 6.1456 1.4765
7.5109 0.0166 6.1526 1.4804
7.5109 0.0166 6.1562 1.4811
7.5109 0.0166 6.1588 1.4821
7.5109 0.0166 6.1647 1.4855
7.5109 0.0166 6.2194 1.4053
7.5109 0.0166 6.2476 1.3772
7.5109 0.0166 6.2555 1.3811
7.5109 0.0166 6.2604 1.3803
7.5109 0.0166 6.2604 1.3803
7.5109 0.0166 6.2781 1.3721
7.5109 0.0166 6.2781 1.3721
7.5109 0.0166 6.2805 1.3728
7.5109 0.0166 6.2818 1.3739
7.5109 0.0166 6.2825 1.3741
7.5109 0.0166 6.3390 1.2694
7.5109 0.0166 6.3497 1.2678
7.5109 0.0166 6.3512 1.2680
8.1259 0.0166 6.3607 1.2776
8.1259 1.0369 6.3709 1.2301
8.1259 1.0369 6.3709 1.2301
8.1259 1.0369 6.3709 1.2301
8.1259 1.0369 6.3714 1.2303
8.1259 1.0369 6.3724 1.2306
8.1259 1.0369 6.3733 1.2311
8.1259 1.0369 6.3733 1.2311
8.1259 1.0369 6.3827 1.2359
8.1259 1.0369 6.3827 1.2359
8.1259 1.0369 6.3884 1.2372
8.1259 1.0369 6.3884 1.2372
8.1259 1.0369 6.3932 1.2398
8.1259 1.0369 6.3932 1.2398
8.1259 1.0369 6.3979 1.2420
8.1259 1.0369 6.4058 1.2463
8.1259 1.0369 6.4320 1.2455
8.1259 1.0369 6.4320 1.2455
8.1259 1.0369 6.4325 1.2456
8.1259 1.0369 6.4356 1.2470
8.1259 1.0369 6.4828 1.1562
8.1259 1.0369 6.4830 1.1563
8.1259 1.0369 6.5010 1.1458
8.1259 1.0369 6.5283 1.1156
8.1259 1.0369 6.5283 1.1156
8.1259 1.0369 6.5326 1.1173
8.1259 1.0369 6.5385 1.1187
8.1259 1.0369 6.5385 1.1187
8.1259 1.0369 6.5385 1.1187
8.1259 1.0369 6.5385 1.1187
8.1259 1.0369 6.5460 1.1205
8.1259 1.0369 6.5498 1.1217
8.1259 1.0369 6.5558 1.1209
8.1259 1.0369 6.5590 1.1235
8.1259 1.0369 6.5595 1.1235
8.1259 1.0369 6.5605 1.1238
8.1259 1.0369 6.5632 1.1254
8.1259 1.0369 6.5714 1.1293
8.1259 1.0369 6.5844 1.1288
8.1259 1.0369 6.5844 1.1288
8.1259 1.0369 6.5927 1.1264
8.1259 1.0369 6.6209 1.0938
8.1259 1.0369 6.6268 1.0955
8.1259 1.0369 6.6287 1.0962
8.1259 1.0369 6.6287 1.0962
8.1259 1.0369 6.6287 1.0962
8.1259 1.0369 6.6287 1.0962
8.1259 1.0369 6.6325 1.0958
8.1259 1.0369 6.6340 1.0960
8.1259 1.0369 6.6527 1.0785
8.1259 1.0369 6.6535 1.0783
8.1259 1.0369 6.6628 1.0739
8.1259 1.0369 6.6688 1.0734
8.1259 1.0369 6.6750 1.0756
8.1259 1.0369 6.6750 1.0756
8.1259 1.0369 6.6759 1.0756
8.1259 1.0369 6.6776 1.0769
8.1259 1.0369 6.6776 1.0769
8.1259 1.0369 6.6830 1.0737
8.1259 1.0369 6.6844 1.0744
8.1259 1.0369 6.6890 1.0754
8.1259 1.0369 6.6890 1.0754
8.1259 1.5624 6.7513 0.9146
8.1259 1.5624 6.7552 0.9169
8.1259 1.5624 6.7592 0.9195
8.1259 1.5624 6.7604 0.9203
8.1259 1.5624 6.7608 0.9206
8.1309 1.5624 6.7635 0.9234
8.1309 1.5624 6.7635 0.9234
8.1309 1.5624 6.7707 0.9256
8.1309 1.5624 6.7729 0.9262
8.1309 1.5624 6.7842 0.9060
8.1309 1.5624 6.7876 0.9079
8.1309 1.5624 6.7933 0.9088
8.1309 1.5624 6.7952 0.9098
8.1309 1.5624 6.7987 0.9100
8.1309 1.5624 6.7987 0.9100
8.1309 1.5624 6.8159 0.9022
8.1309 1.5624 6.8159 0.9022
8.1309 1.5624 6.8159 0.9022
8.1309 1.5624 6.8159 0.9022
8.1309 1.5624 6.8159 0.9022
8.1309 1.5624 6.8159 0.9022
8.1309 1.5624 6.8257 0.9111
8.1309 1.5624 6.8259 0.9112
8.1309 1.5624 6.8775 0.7421
8.1309 1.5624 6.8859 0.7451
8.1309 1.5624 6.8870 0.7443
8.1309 1.5624 6.8870 0.7443
8.1309 1.5624 6.8870 0.7443
8.1309 1.5624 6.8943 0.7439
8.1309 1.5624 6.8943 0.7439
8.1309 1.5624 6.8943 0.7439
8.1309 1.5624 6.8943 0.7439
8.1309 1.5624 6.8943 0.7439
8.1309 1.5624 6.9086 0.7414
8.1309 1.5624 6.9125 0.7437
8.1309 1.5624 6.9164 0.7429
8.1309 1.5624 6.9199 0.7447
8.1309 1.5624 6.9247 0.7470
8.1309 1.5624 6.9323 0.7487
8.1309 1.5624 6.9402 0.7324
8.1309 1.5624 6.9452 0.7354
8.1309 1.5624 6.9558 0.7358
8.1309 1.5624 6.9570 0.7367
8.1309 1.5624 6.9599 0.7360
8.1309 1.5624 6.9599 0.7360
8.1309 1.5624 6.9599 0.7360
8.1309 1.5624 6.9627 0.7337
8.1309 1.5624 6.9647 0.7333
8.1309 1.5624 6.9647 0.7333
8.1309 1.5624 6.9792 0.7352
8.1309 1.5624 6.9818 0.7374
8.1309 1.5624 6.9819 0.7374
8.1309 1.5624 6.9872 0.7371
8.1309 1.5624 6.9874 0.7371
8.1309 1.5624 6.9901 0.7380
8.1309 1.5624 6.9919 0.7394
8.1309 5.3869 7.0445 0.4995
8.1309 5.3869 7.0445 0.4995
8.1309 5.3869 7.0462 0.4986
8.1309 5.3869 7.0462 0.4986
8.1309 5.3869 7.0462 0.4986
8.1309 5.3869 7.0498 0.4983
8.1309 5.3869 7.0516 0.5002
8.1379 5.3869 7.0665 0.4923
8.1404 5.3869 7.0791 0.5034
8.1404 5.3869 7.0791 0.5034
8.1404 5.3869 7.0890 0.5065
8.1404 5.3869 7.0890 0.5065
8.1404 5.3869 7.0950 0.5051
8.1404 5.3869 7.0970 0.5070
8.1404 5.3869 7.1073 0.5157
8.1404 5.3869 7.1177 0.5188
8.1404 5.3869 7.1177 0.5187
8.1404 5.3869 7.1181 0.5185
8.1404 5.3869 7.1212 0.5183
8.1404 5.3869 7.1216 0.5185
8.1404 5.3869 7.1227 0.5174
8.1404 5.3869 7.1258 0.5103
8.1404 5.3869 7.1290 0.5115
8.1404 5.3869 7.1290 0.5115
8.1404 5.3869 7.1319 0.5102
8.1404 5.3869 7.1323 0.5097
8.1404 5.3869 7.1424 0.5072
8.1404 5.3869 7.1481 0.5053
8.1404 5.3869 7.1497 0.5066
8.1404 5.3869 7.1530 0.5038
8.1404 5.3869 7.1598 0.4967
8.1404 5.3869 7.1633 0.4992
8.1404 5.3869 7.1713 0.4988
8.1404 5.3869 7.1729 0.4964
8.1404 5.3869 7.1743 0.4957
8.1404 5.3869 7.1750 0.4964
8.1404 5.3869 7.1872 0.4889
8.1404 5.3869 7.1914 0.4901
8.1404 5.3869 7.1935 0.4920
8.1404 5.3869 7.1940 0.4915
8.1404 5.3869 7.1940 0.4915
8.1404 5.3869 7.1975 0.4926
8.1404 5.3869 7.2032 0.4939
8.1404 5.3869 7.2049 0.4950
8.1404 5.3869 7.2051 0.4952
8.1404 5.3869 7.2051 0.4952
8.1404 5.3869 7.2177 0.4948
8.1404 5.3869 7.2183 0.4942
8.1404 5.3869 7.2268 0.4922
8.1404 5.3869 7.2268 0.4922
8.1404 5.3869 7.2298 0.4929
8.1404 5.3869 7.2298 0.4929
8.1404 5.3869 7.2298 0.4929
8.1404 5.3869 7.2360 0.4936
8.1404 5.3869 7.2411 0.4881
8.1404 5.3869 7.2415 0.4880
8.1404 5.3869 7.2496 0.4688
8.1404 5.3869 7.2512 0.4699
8.1404 5.3869 7.2540 0.4690
8.1404 6.0820 7.2749 0.4304
8.1404 6.0820 7.2749 0.4304
8.1404 6.0820 7.2819 0.4237
8.1404 6.0820 7.2878 0.4266
8.1404 6.0820 7.2913 0.4249
8.2266 6.0820 7.3053 0.4341
8.2266 6.0820 7.3088 0.4343
8.2266 6.0820 7.3107 0.4360
8.2266 6.0820 7.3113 0.4351
8.2266 6.0820 7.3196 0.4350
8.2266 6.0820 7.3290 0.4311
8.2266 6.0820 7.3308 0.4315
8.2266 6.0820 7.3333 0.4328
8.2266 6.0820 7.3338 0.4333
8.2266 6.0820 7.3338 0.4333
8.2266 6.0820 7.3340 0.4328
8.2266 6.0820 7.3347 0.4335
8.2266 6.0820 7.3379 0.4333
8.2266 6.0820 7.3447 0.4367
8.4164 6.0820 7.3466 0.4409
8.4164 6.0820 7.3518 0.4430
8.4164 6.0820 7.3533 0.4404
8.4164 6.0820 7.3549 0.4413
8.4164 6.0820 7.3595 0.4422
8.4164 6.0820 7.3629 0.4467
8.4164 6.0820 7.3629 0.4466
8.4164 6.0820 7.3644 0.4483
8.4164 6.0820 7.3659 0.4480
8.4164 6.0820 7.3659 0.4480
8.4164 6.0820 7.3659 0.4480
8.4164 6.0820 7.3691 0.4473
8.4164 6.0820 7.3802 0.4409
8.4164 6.0820 7.3802 0.4409
8.4164 6.0820 7.3806 0.4406
8.4164 6.0820 7.3830 0.4381
8.4164 6.0820 7.3844 0.4398
8.4164 6.0820 7.3844 0.4398
8.4164 6.0820 7.3869 0.4423
8.4164 6.0820 7.3919 0.4440
8.4164 6.0820 7.3980 0.4376
8.4164 6.0820 7.4090 0.4385
8.4164 6.0820 7.4203 0.4387
8.4164 6.0820 7.4203 0.4387
8.4231 6.0820 7.4320 0.4495
8.4231 6.0820 7.4349 0.4474
8.4231 6.0820 7.4384 0.4514
8.4231 6.0820 7.4402 0.4521
8.4231 6.0820 7.4427 0.4516
8.4231 6.0820 7.4427 0.4516
8.4231 6.0820 7.4484 0.4568
8.4231 6.0820 7.4624 0.4563
8.4231 6.0820 7.4626 0.4565
8.4231 6.0820 7.4706 0.4467
8.4231 6.0820 7.4706 0.4467
8.4231 6.0820 7.4706 0.4467
8.4231 6.0820 7.4706 0.4467
8.4231 6.0820 7.4728 0.4474
8.4231 6.0820 7.4779 0.4475
8.4231 6.0820 7.4843 0.4513
8.4231 6.0820 7.4860 0.4507
8.4231 6.0820 7.4860 0.4507
8.4231 6.0820 7.4881 0.4509
8.4231 6.0820 7.4901 0.4513
8.4231 6.0820 7.4901 0.4513
8.4231 6.0820 7.4968 0.4426
8.4231 6.0820 7.4968 0.4426
8.4231 6.0820 7.4968 0.4426
8.4231 6.0820 7.5026 0.4355
8.4231 6.0820 7.5061 0.4380
8.4231 6.0820 7.5114 0.4379
8.4231 6.0820 7.5123 0.4352
8.4231 6.0820 7.5153 0.4345
8.4366 6.0820 7.5154 0.4348
8.4366 6.0820 7.5179 0.4353
8.4366 6.0820 7.5179 0.4353
8.4366 6.0820 7.5241 0.4303
8.4366 6.0820 7.5241 0.4303
8.4366 6.0820 7.5241 0.4303
8.4366 6.0820 7.5263 0.4306
8.4366 6.0820 7.5316 0.4275
8.4366 6.0820 7.5404 0.4284
8.4366 6.0820 7.5417 0.4292
8.4366 6.0820 7.5417 0.4292
8.4366 6.0820 7.5417 0.4292
8.4366 6.0820 7.5417 0.4292
8.4366 6.0820 7.5417 0.4292
8.4366 6.0820 7.5419 0.4293
8.4366 6.0820 7.5419 0.4293
8.4366 6.0820 7.5419 0.4293
8.4366 6.1925 7.5583 0.4037
8.4366 6.1925 7.5583 0.4037
8.4366 6.1925 7.5583 0.4037
8.4366 6.1925 7.5583 0.4037
8.4366 6.1925 7.5606 0.4057
8.4366 6.1925 7.5652 0.4098
8.4366 6.1925 7.5652 0.4098
8.4366 6.1925 7.5714 0.4057
8.4366 6.3722 7.5732 0.3999
8.4366 6.3722 7.5760 0.3992
8.4366 6.3722 7.5763 0.3994
8.4366 6.3722 7.5782 0.3999
8.4366 6.3722 7.5788 0.4004
8.4366 6.3722 7.5830 0.4017
8.4366 6.3722 7.5834 0.4018
8.4366 6.3722 7.5871 0.4015
8.4366 6.3722 7.5895 0.4016
8.4366 6.3722 7.5895 0.4016
8.4366 6.3722 7.5987 0.3898
8.4366 6.3722 7.5987 0.3898
8.4366 6.3722 7.5987 0.3898
8.4366 6.3722 7.6027 0.3911
8.4366 6.3722 7.6027 0.3911
8.4366 6.3722 7.6027 0.3911
8.4366 6.3722 7.6027 0.3911
8.4366 6.3722 7.6068 0.3947
8.4366 6.3722 7.6068 0.3947
8.4366 6.5049 7.6187 0.3747
8.4366 6.5049 7.6232 0.3738
8.4366 6.5049 7.6232 0.3738
8.4366 6.5049 7.6237 0.3741
8.4366 6.5049 7.6272 0.3751
8.4366 6.5049 7.6272 0.3751
8.4366 6.5049 7.6272 0.3751
8.4366 6.5049 7.6272 0.3751
8.4366 6.5049 7.6272 0.3751
8.4366 6.5049 7.6300 0.3766
8.4366 6.5049 7.6300 0.3766
8.4366 6.5049 7.6317 0.3759
8.4366 6.5049 7.6360 0.3724
8.4366 6.5049 7.6378 0.3733
8.4366 6.5049 7.6378 0.3733
8.4366 6.5049 7.6383 0.3734
8.4366 6.5049 7.6408 0.3749
8.4366 6.5049 7.6464 0.3658
8.4366 6.5049 7.6484 0.3651
8.4366 6.5049 7.6489 0.3652
8.4366 6.5049 7.6489 0.3652
8.4366 6.5049 7.6499 0.3651
8.4366 6.5049 7.6510 0.3653
8.4366 6.5049 7.6510 0.3653
8.4366 6.5049 7.6510 0.3653
8.4366 6.5049 7.6529 0.3673
8.4366 6.5049 7.6546 0.3664
8.4366 6.5049 7.6587 0.3649
8.4366 6.5049 7.6587 0.3649
8.4366 6.5049 7.6608 0.3666
8.4366 6.5049 7.6608 0.3666
8.4366 6.5049 7.6608 0.3666
8.4366 6.5049 7.6608 0.3666
8.4366 6.5049 7.6621 0.3665
8.4366 6.5049 7.6637 0.3666
8.4366 6.5049 7.6706 0.3680
8.4366 6.5049 7.6783 0.3726
8.4366 6.5049 7.6806 0.3754
8.4366 6.5049 7.6854 0.3783
8.4366 6.5049 7.6854 0.3783
8.4366 6.5049 7.6862 0.3777
8.4366 6.5049 7.6900 0.3804
8.4366 6.5049 7.6900 0.3804
8.4366 6.5049 7.6900 0.3804
8.4366 6.5049 7.6929 0.3825
8.4366 6.5049 7.6950 0.3809
8.4366 6.5049 7.6950 0.3809
8.4366 6.5049 7.6976 0.3788
8.4366 6.5049 7.7019 0.3812
8.4366 6.5049 7.7019 0.3812
8.4366 6.5049 7.7034 0.3808
8.4366 6.5049 7.7040 0.3811
8.4366 6.5049 7.7069 0.3788
8.4366 6.5049 7.7069 0.3788
8.4366 6.5049 7.7102 0.3804
8.4366 6.5049 7.7117 0.3817
8.4366 6.5049 7.7117 0.3817
8.4366 6.5049 7.7147 0.3830
8.4366 6.5049 7.7208 0.3841
8.4366 6.5049 7.7208 0.3841
8.4366 6.5049 7.7254 0.3855
8.4366 6.5049 7.7268 0.3856
8.4366 6.5049 7.7285 0.3836
8.4366 6.5049 7.7285 0.3836
8.4366 6.5049 7.7285 0.3836
8.4366 6.5049 7.7285 0.3836
8.4366 6.5049 7.7306 0.3852
8.4366 6.5049 7.7324 0.3861
8.4366 6.5049 7.7324 0.3861
8.4366 6.5049 7.7369 0.3865
8.4366 6.5049 7.7369 0.3865
8.4366 6.5049 7.7369 0.3865
8.4366 6.5049 7.7391 0.3840
8.4366 6.5049 7.7391 0.3840
8.4366 6.5049 7.7401 0.3843
8.4366 6.5049 7.7440 0.3865
8.4366 6.5049 7.7460 0.3869
8.4366 6.5049 7.7500 0.3868
8.4366 6.5049 7.7500 0.3868
8.4366 6.5049 7.7506 0.3861
8.4366 6.5049 7.7506 0.3861
8.4366 6.5049 7.7536 0.3862
8.4366 6.5049 7.7631 0.3854
8.4366 6.5049 7.7635 0.3856
8.4366 6.5049 7.7688 0.3846
8.4366 6.5049 7.7688 0.3846
8.4366 6.5049 7.7688 0.3846
8.4366 6.5049 7.7688 0.3846
8.4366 6.5049 7.7749 0.3849
8.4366 6.5049 7.7749 0.3849
8.4366 6.5049 7.7750 0.3850
8.4366 6.5049 7.7750 0.3850
8.4366 6.5049 7.7864 0.3868
8.4366 6.5049 7.7864 0.3868
8.4366 6.5138 7.8022 0.3658
8.4366 6.5138 7.8057 0.3688
8.4366 6.5138 7.8057 0.3688
8.4366 6.5138 7.8101 0.3705
8.4366 6.5138 7.8101 0.3705
8.4366 6.5138 7.8101 0.3705
8.5262 6.5138 7.8182 0.3814
8.5262 6.5138 7.8182 0.3814
8.5262 6.5138 7.8182 0.3813
8.5262 6.5138 7.8195 0.3827
8.5262 6.5138 7.8195 0.3827
8.5262 6.5138 7.8231 0.3836
8.5262 6.5138 7.8231 0.3836
8.5262 6.5138 7.8231 0.3836
8.5262 6.5138 7.8236 0.3841
8.5262 6.5138 7.8236 0.3841
8.5262 6.5138 7.8237 0.3841
8.5262 6.5138 7.8237 0.3841
8.5262 6.5138 7.8238 0.3842
8.5262 6.5138 7.8238 0.3842
8.5262 6.5138 7.8252 0.3842
8.5262 6.5138 7.8252 0.3842
8.5262 6.5138 7.8252 0.3842
8.5262 6.5138 7.8252 0.3842
8.6105 6.5138 7.8297 0.3882
8.6105 6.5138 7.8297 0.3882
8.6105 6.5138 7.8297 0.3882
8.6105 6.5138 7.8319 0.3878
8.6105 6.5138 7.8319 0.3878
8.6105 6.5138 7.8319 0.3877
8.6105 6.5138 7.8361 0.3908
8.6105 6.5138 7.8414 0.3906
8.6105 6.5138 7.8435 0.3927
8.6105 6.5138 7.8439 0.3920
8.6105 6.5138 7.8439 0.3920
8.6105 6.5138 7.8439 0.3920
8.6105 6.5138 7.8461 0.3939
8.6105 6.5138 7.8478 0.3938
8.6105 6.5138 7.8478 0.3938
8.6105 6.5138 7.8528 0.3978
8.6105 6.5138 7.8611 0.3954
8.6105 6.5138 7.8611 0.3954
8.6105 6.5138 7.8621 0.3941
8.6105 6.5138 7.8665 0.3937
8.6105 6.5138 7.8665 0.3937
8.6105 6.5138 7.8691 0.3943
8.6105 6.5138 7.8691 0.3943
8.6105 6.5138 7.8691 0.3943
8.6105 6.5138 7.8691 0.3943
8.6105 6.5138 7.8691 0.3943
8.6105 6.5138 7.8691 0.3943
8.6105 6.5138 7.8691 0.3943
8.6105 6.5138 7.8717 0.3926
8.6105 6.5138 7.8722 0.3927
8.6105 6.5138 7.8730 0.3925
8.6105 6.5138 7.8763 0.3949
8.6105 6.5138 7.8763 0.3949
8.6105 6.5138 7.8772 0.3961
8.6105 6.5138 7.8772 0.3961
8.6105 6.5138 7.8777 0.3962
8.6105 6.5138 7.8777 0.3962
8.6105 6.5138 7.8777 0.3962
8.6105 6.5138 7.8777 0.3962
8.6105 6.5138 7.8958 0.3748
8.6105 6.5138 7.8958 0.3748
8.6105 6.5138 7.8993 0.3780
8.6105 6.5138 7.9001 0.3770
8.6105 6.5138 7.9001 0.3770
8.6105 6.5138 7.9011 0.3771
8.7842 6.5138 7.9075 0.3865
8.7842 6.5138 7.9075 0.3865
8.7842 6.5138 7.9075 0.3865
8.7842 6.5138 7.9088 0.3869
8.7842 6.5138 7.9088 0.3869
8.7842 6.5138 7.9088 0.3869
8.7842 6.5138 7.9155 0.3858
8.7842 6.5138 7.9219 0.3874
8.7842 6.5138 7.9230 0.3861
8.7842 6.5138 7.9230 0.3861
8.7842 6.5138 7.9230 0.3861
8.7842 6.5138 7.9247 0.3845
8.7842 6.5138 7.9291 0.3819
8.7842 6.5138 7.9291 0.3819
8.7842 6.5138 7.9348 0.3740
8.7842 6.5138 7.9443 0.3720
8.7842 6.5138 7.9443 0.3720
8.7842 6.5138 7.9443 0.3720
8.7842 6.5138 7.9447 0.3717
8.8319 6.5138 7.9526 0.3828
8.8319 6.5138 7.9529 0.3829
8.8319 6.5138 7.9543 0.3825
8.8319 6.5138 7.9555 0.3815
8.8319 6.5138 7.9555 0.3815
8.8319 6.5138 7.9555 0.3815
8.8319 6.5138 7.9570 0.3808
8.8319 6.5138 7.9619 0.3799
8.8319 6.5138 7.9622 0.3795
8.8319 6.5138 7.9687 0.3790
8.8319 6.5138 7.9687 0.3790
8.8319 6.5138 7.9693 0.3789
8.8319 6.5138 7.9693 0.3789
8.8319 6.5138 7.9693 0.3789
8.8319 6.5138 7.9693 0.3789
8.8319 6.5138 7.9693 0.3789
8.8319 6.5138 7.9693 0.3789
8.8319 6.5138 7.9716 0.3799
8.8319 6.5138 7.9763 0.3807
8.8319 6.5138 7.9779 0.3811
8.8319 6.5138 7.9779 0.3811
8.8319 6.5138 7.9779 0.3811
8.8319 6.5138 7.9793 0.3823
8.8319 6.5138 7.9793 0.3823
8.8319 6.5138 7.9817 0.3833
8.8319 6.5138 7.9834 0.3837
8.8319 6.5138 7.9834 0.3837
8.8319 6.5138 7.9834 0.3837
8.8319 6.5138 7.9834 0.3837
8.8319 6.5138 7.9834 0.3837
8.8319 6.5138 7.9847 0.3845
8.8319 6.5138 7.9847 0.3845
8.8319 6.5138 7.9880 0.3865
8.8319 6.5138 7.9900 0.3838
8.8319 6.5138 7.9900 0.3838
8.8319 6.5138 7.9900 0.3838
8.8319 6.5138 7.9900 0.3838
8.8319 6.5138 7.9911 0.3852
8.8319 6.5138 7.9959 0.3876
8.8319 6.5138 7.9959 0.3876
8.8319 6.5138 7.9982 0.3902
8.8319 6.5138 7.9998 0.3902
8.8319 6.5138 7.9998 0.3902
8.8319 6.5138 7.9998 0.3902
8.8319 6.5138 8.0023 0.3890
8.8319 6.5138 8.0023 0.3890
8.8319 6.5138 8.0023 0.3890
8.8319 6.5138 8.0029 0.3889
8.8319 6.5138 8.0029 0.3889
8.8319 6.5138 8.0057 0.3908
8.8319 6.5138 8.0057 0.3908
8.8319 6.5138 8.0083 0.3934
8.8319 6.5138 8.0128 0.3957
8.8319 6.5138 8.0129 0.3957
8.8319 6.5138 8.0133 0.3961
8.8319 6.5138 8.0157 0.3948
8.8319 6.5138 8.0177 0.3957
8.8319 6.5138 8.0179 0.3954
8.8319 6.5138 8.0282 0.3939
8.8319 6.5138 8.0282 0.3939
8.8503 6.5138 8.0305 0.3952
8.8503 6.5138 8.0367 0.3944
8.8503 6.5138 8.0400 0.3959
8.9940 6.5138 8.0484 0.4070
8.9940 6.5138 8.0498 0.4072
8.9940 6.5138 8.0498 0.4072
8.9940 6.5138 8.0498 0.4072
8.9940 6.5138 8.0498 0.4072
8.9940 6.5138 8.0498 0.4072
8.9940 6.5138 8.0523 0.4085
8.9940 6.5138 8.0533 0.4086
8.9940 6.5138 8.0535 0.4087
8.9940 6.5138 8.0537 0.4087
8.9940 6.5138 8.0537 0.4087
8.9940 6.5138 8.0537 0.4087
8.9940 6.5138 8.0537 0.4087
8.9940 6.5138 8.0537 0.4087
8.9940 6.5138 8.0537 0.4087
8.9940 6.5138 8.0537 0.4087
8.9940 6.5138 8.0537 0.4087
8.9940 6.5138 8.0576 0.4114
8.9940 6.5138 8.0576 0.4114
8.9940 6.5138 8.0628 0.4128
8.9940 6.5138 8.0671 0.4154
8.9940 6.5138 8.0671 0.4154
8.9940 6.5138 8.0671 0.4154
8.9940 6.5138 8.0673 0.4154
8.9940 6.5138 8.0673 0.4154
8.9940 6.5138 8.0673 0.4154
8.9940 6.5138 8.0680 0.4152
8.9940 6.5138 8.0680 0.4152
8.9940 6.5138 8.0680 0.4152
8.9940 6.5138 8.0682 0.4153
8.9940 6.5138 8.0682 0.4153
8.9940 6.5138 8.0700 0.4161
8.9940 6.5138 8.0719 0.4168
8.9940 6.5138 8.0725 0.4166
8.9940 6.5138 8.0879 0.4166
8.9940 6.5138 8.0879 0.4166
8.9940 6.5138 8.0892 0.4170
8.9940 6.5138 8.0892 0.4170
8.9940 6.5138 8.0909 0.4167
8.9940 6.5138 8.0916 0.4168
8.9940 6.5138 8.0916 0.4168
8.9940 6.5138 8.0927 0.4166
8.9940 6.5138 8.0927 0.4166
8.9940 6.5138 8.0927 0.4166
8.9940 6.5138 8.0943 0.4165
8.9940 6.5138 8.0954 0.4158
8.9940 6.5138 8.0961 0.4159
8.9940 6.5138 8.0961 0.4159
8.9940 6.5138 8.0966 0.4160
8.9940 6.5138 8.0966 0.4160
8.9940 6.5138 8.0966 0.4160
8.9940 6.5138 8.0966 0.4160
8.9940 6.5138 8.1015 0.4193
8.9940 6.5138 8.1015 0.4193
8.9940 6.5138 8.1110 0.4165
8.9940 6.5138 8.1121 0.4152
8.9940 6.5138 8.1121 0.4152
8.9940 6.5138 8.1170 0.4175
8.9940 6.5138 8.1170 0.4175
8.9940 6.5138 8.1222 0.4164
8.9940 6.5138 8.1222 0.4164
8.9940 6.8933 8.1319 0.3892
8.9940 6.8933 8.1355 0.3911
8.9940 6.8933 8.1446 0.3877
8.9940 6.8933 8.1446 0.3877
8.9940 6.8933 8.1534 0.3842
8.9940 6.8933 8.1534 0.3842
8.9940 6.8933 8.1588 0.3791
8.9940 6.8933 8.1631 0.3808
8.9940 6.8933 8.1631 0.3808
8.9940 6.8933 8.1646 0.3804
8.9940 6.8933 8.1646 0.3804
8.9940 6.8933 8.1690 0.3858
8.9940 6.8933 8.1696 0.3858
8.9940 6.8933 8.1696 0.3858
8.9940 6.8933 8.1696 0.3858
8.9940 6.8933 8.1696 0.3858
8.9940 6.8933 8.1696 0.3858
8.9940 6.8933 8.1729 0.3781
8.9940 6.8933 8.1729 0.3781
8.9940 6.8933 8.1756 0.3767
8.9940 6.8933 8.1756 0.3767
8.9940 6.8933 8.1765 0.3772
8.9940 6.8933 8.1765 0.3772
8.9940 6.8933 8.1765 0.3772
8.9940 6.8933 8.1765 0.3772
8.9940 6.8933 8.1765 0.3772
8.9940 6.8933 8.1822 0.3795
8.9940 6.8933 8.1822 0.3795
8.9940 6.8933 8.1822 0.3795
8.9940 6.8933 8.1822 0.3795
8.9940 6.8933 8.1822 0.3795
8.9940 6.8933 8.1893 0.3646
8.9940 6.8933 8.1931 0.3613
8.9940 6.8933 8.1931 0.3613
8.9940 6.8933 8.1947 0.3615
8.9940 6.8933 8.1962 0.3599
8.9940 6.8933 8.1963 0.3599
8.9940 6.8933 8.1963 0.3599
8.9940 6.8933 8.1988 0.3558
8.9940 6.8933 8.1988 0.3558
8.9940 6.8933 8.2009 0.3575
8.9940 6.8933 8.2039 0.3567
8.9940 6.8933 8.2039 0.3567
8.9940 6.8933 8.2039 0.3567
8.9940 6.8933 8.2039 0.3567
8.9940 6.8933 8.2042 0.3560
8.9940 6.8933 8.2084 0.3585
8.9940 6.8933 8.2172 0.3623
8.9940 6.8933 8.2209 0.3645
