0.3098 0.0037 0.0302 0.0551
1.1014 0.0037 0.0518 0.1598
1.1014 0.0037 0.0525 0.1597
1.1014 0.0037 0.0544 0.1603
1.1014 0.0037 0.0598 0.1661
1.1014 0.0037 0.0615 0.1664
1.1014 0.0037 0.0622 0.1664
1.1014 0.0037 0.0628 0.1663
1.1014 0.0037 0.0641 0.1664
1.1014 0.0037 0.0778 0.1903
1.1014 0.0037 0.0865 0.1981
1.1014 0.0037 0.0904 0.2015
1.1014 0.0037 0.0932 0.2024
1.1014 0.0037 0.0957 0.2028
1.1014 0.0037 0.1025 0.2110
1.1014 0.0037 0.1009 0.2064
1.1014 0.0037 0.1022 0.2084
1.1014 0.0037 0.1202 0.2434
1.1014 0.0037 0.1193 0.2400
1.1014 0.0037 0.1240 0.2409
1.1014 0.0037 0.1276 0.2414
1.1014 0.0037 0.1299 0.2414
1.2841 0.0037 0.1531 0.2906
1.2841 0.0037 0.1576 0.2930
1.2841 0.0037 0.1613 0.2899
1.2841 0.0037 0.1619 0.2897
1.2841 0.0037 0.1745 0.2961
1.2841 0.0037 0.1797 0.2979
1.2841 0.0037 0.1834 0.2969
1.2841 0.0037 0.1841 0.2973
1.2841 0.0071 0.1845 0.2963
1.2841 0.0071 0.1899 0.2960
1.2841 0.0071 0.1916 0.2982
1.2841 0.0071 0.1925 0.2960
1.2841 0.0071 0.1957 0.2954
1.2841 0.0071 0.1966 0.2953
1.2841 0.0071 0.1993 0.2948
1.2841 0.0071 0.2112 0.3021
1.2841 0.0071 0.2222 0.3052
1.2841 0.0071 0.2346 0.3184
1.2841 0.0071 0.2546 0.3394
1.2841 0.0071 0.2612 0.3435
1.2841 0.0071 0.2697 0.3548
1.2841 0.0071 0.2699 0.3549
1.2841 0.0071 0.2736 0.3541
1.2841 0.0071 0.2801 0.3559
1.3083 0.0071 0.2935 0.3724
1.3083 0.0071 0.2945 0.3733
1.3083 0.0071 0.2954 0.3723
1.3083 0.0071 0.2993 0.3745
1.3083 0.0071 0.2999 0.3708
1.3083 0.0071 0.3029 0.3737
1.3083 0.0071 0.3006 0.3717
1.3083 0.0071 0.3037 0.3708
1.3083 0.0071 0.3149 0.3811
1.3083 0.0071 0.3154 0.3818
1.7962 0.0071 0.3389 0.4173
1.7962 0.0071 0.3433 0.4166
1.7962 0.0071 0.3457 0.4170
1.7962 0.0071 0.3516 0.4209
1.7962 0.0071 0.3522 0.4203
1.7962 0.0071 0.3523 0.4207
1.9580 0.0071 0.3549 0.4263
1.9580 0.0071 0.3726 0.4521
1.9580 0.0071 0.3759 0.4521
1.9580 0.0071 0.3753 0.4522
1.9580 0.0071 0.3924 0.4781
1.9580 0.0071 0.3968 0.4769
1.9580 0.0071 0.3985 0.4753
1.9580 0.0071 0.4048 0.4824
1.9580 0.0071 0.4056 0.4829
1.9580 0.0071 0.4186 0.4808
1.9580 0.0071 0.4319 0.4957
1.9580 0.0071 0.4323 0.4932
2.2197 0.0071 0.4623 0.5503
2.2197 0.0071 0.4744 0.5608
2.2197 0.0071 0.4773 0.5605
2.2197 0.0071 0.4936 0.5678
2.2197 0.0071 0.4957 0.5668
2.2197 0.0071 0.4959 0.5669
2.2197 0.0071 0.5058 0.5694
2.2197 0.0071 0.5068 0.5715
2.2197 0.0071 0.5086 0.5696
2.2197 0.0071 0.5178 0.5700
2.2317 0.0071 0.5226 0.5784
2.2317 0.0071 0.5380 0.5885
2.2317 0.0071 0.5389 0.5883
2.2317 0.0071 0.5537 0.5964
2.2317 0.0071 0.5633 0.6045
2.2317 0.0071 0.5797 0.6107
2.2317 0.0071 0.5875 0.6130
2.2317 0.0071 0.6035 0.6210
2.2317 0.0071 0.6104 0.6216
2.2317 0.0071 0.6097 0.6219
2.2317 0.0071 0.6174 0.6218
2.2317 0.0071 0.6206 0.6212
2.2317 0.0071 0.6215 0.6211
2.2317 0.0071 0.6254 0.6186
2.2317 0.0071 0.6322 0.6215
2.2317 0.0071 0.6283 0.6211
2.2317 0.0071 0.6358 0.6201
2.2317 0.0071 0.6412 0.6176
2.2317 0.0071 0.6496 0.6332
2.2317 0.0071 0.6536 0.6335
2.2317 0.0071 0.6542 0.6288
2.2317 0.0071 0.6554 0.6283
2.2317 0.0071 0.6565 0.6287
2.2317 0.0071 0.6581 0.6275
2.2317 0.0071 0.6616 0.6265
2.2317 0.0071 0.6619 0.6251
2.2317 0.0071 0.6672 0.6229
2.2317 0.0071 0.6701 0.6237
2.2317 0.0071 0.6702 0.6245
2.2317 0.0071 0.6715 0.6226
2.2317 0.0071 0.6807 0.6211
2.2317 0.0071 0.6878 0.6291
2.2317 0.0071 0.6969 0.6304
2.2317 0.0071 0.7101 0.6364
2.2317 0.0071 0.7133 0.6335
2.2317 0.0071 0.7237 0.6297
2.2317 0.0071 0.7216 0.6300
2.2317 0.0071 0.7352 0.6301
2.2317 0.0071 0.7386 0.6350
2.2317 0.0071 0.7374 0.6350
2.2317 0.0071 0.7515 0.6482
2.2317 0.0071 0.7635 0.6482
2.2317 0.0071 0.7613 0.6487
2.2317 0.0071 0.7715 0.6437
2.2317 0.0071 0.7682 0.6449
2.2317 0.0071 0.7795 0.6427
2.2317 0.0071 0.7872 0.6422
2.2317 0.0071 0.7886 0.6433
2.2317 0.0071 0.7938 0.6396
2.2317 0.0071 0.7945 0.6398
2.2317 0.0071 0.8091 0.6418
2.2317 0.0071 0.8169 0.6372
2.2317 0.0071 0.8320 0.6348
2.2317 0.0071 0.8386 0.6348
2.2317 0.0071 0.8458 0.6294
2.2317 0.0071 0.8500 0.6265
2.2317 0.0100 0.8550 0.6238
2.2317 0.0100 0.8561 0.6251
2.2317 0.0100 0.8673 0.6231
2.2317 0.0100 0.8764 0.6184
2.2317 0.0100 0.8780 0.6201
2.2317 0.0100 0.8839 0.6191
2.2317 0.0100 0.8862 0.6176
2.2317 0.0100 0.8845 0.6178
2.2317 0.0100 0.8860 0.6213
2.2317 0.0100 0.8913 0.6159
2.2317 0.0100 0.9034 0.6115
2.2317 0.0100 0.9083 0.6151
2.2317 0.0100 0.9087 0.6139
2.2317 0.0100 0.9197 0.6236
2.2317 0.0100 0.9285 0.6240
2.2317 0.0100 0.9241 0.6265
2.2317 0.0100 0.9228 0.6272
2.2317 0.0100 0.9469 0.6312
2.2317 0.0100 0.9547 0.6264
2.2317 0.0100 0.9583 0.6249
2.2317 0.0100 0.9574 0.6250
2.2317 0.0100 0.9667 0.6306
2.2317 0.0100 0.9681 0.6318
2.2317 0.0100 0.9790 0.6282
2.2317 0.0100 0.9917 0.6399
2.2317 0.0100 0.9983 0.6358
2.2317 0.0100 1.0027 0.6339
2.2317 0.0100 1.0070 0.6369
2.2317 0.0100 1.0101 0.6386
2.2317 0.0100 1.0227 0.6310
2.2317 0.0100 1.0283 0.6326
2.2317 0.0100 1.0357 0.6275
2.2317 0.0100 1.0493 0.6257
2.2317 0.0100 1.0570 0.6199
2.2317 0.0100 1.0606 0.6206
2.2317 0.0100 1.0706 0.6115
2.2317 0.0100 1.0841 0.6101
2.2317 0.0100 1.0834 0.6107
2.2317 0.0100 1.0912 0.6070
2.2744 0.0100 1.1030 0.6166
2.2744 0.0100 1.1062 0.6132
2.2744 0.0100 1.1022 0.6165
2.2744 0.0100 1.1191 0.6083
2.2744 0.0100 1.1336 0.6093
2.2744 0.0100 1.1432 0.6015
2.2744 0.0100 1.1510 0.5980
2.2744 0.0100 1.1502 0.5984
2.2744 0.0100 1.1516 0.5992
2.2744 0.0100 1.1581 0.6022
2.2744 0.0100 1.1613 0.6013
2.2744 0.0100 1.1652 0.6016
2.2744 0.0100 1.1688 0.6048
2.2744 0.0100 1.1749 0.6059
2.2744 0.0100 1.1760 0.6062
2.2744 0.0100 1.1775 0.6054
2.2744 0.0100 1.1772 0.6063
2.2744 0.0100 1.1771 0.6064
2.2744 0.0100 1.1786 0.6047
2.2744 0.0100 1.1876 0.6054
2.2744 0.0100 1.1928 0.6023
2.2744 0.0100 1.1920 0.6025
2.2744 0.0100 1.1996 0.6032
2.2744 0.0100 1.2026 0.6017
2.2744 0.0100 1.2055 0.6016
2.4472 0.0100 1.2083 0.6064
2.4472 0.0100 1.2097 0.6084
2.4472 0.0100 1.2168 0.6027
2.4472 0.0100 1.2179 0.6024
2.4472 0.0100 1.2197 0.5989
2.4472 0.0100 1.2293 0.6053
2.4472 0.0100 1.2399 0.5963
2.4472 0.0100 1.2404 0.5961
2.4472 0.0100 1.2513 0.5954
2.4472 0.0100 1.2564 0.5977
2.4472 0.0100 1.2735 0.5857
2.4472 0.0100 1.2735 0.5857
2.4472 0.0100 1.2766 0.5868
2.4472 0.0100 1.2810 0.5930
2.4472 0.0100 1.2824 0.5929
2.4472 0.0100 1.2864 0.5972
2.4472 0.0100 1.2857 0.5976
2.4472 0.0100 1.2897 0.5993
2.4472 0.0100 1.2937 0.5984
2.4472 0.0100 1.2941 0.5981
2.4472 0.0100 1.2939 0.5982
2.4472 0.0100 1.2978 0.5920
2.4472 0.0100 1.2980 0.5923
2.4472 0.0694 1.3145 0.5791
2.4472 0.0694 1.3183 0.5755
2.4472 0.1736 1.3235 0.5669
2.4472 0.1736 1.3256 0.5678
2.4472 0.1736 1.3307 0.5700
2.4472 0.1736 1.3461 0.5629
2.4472 0.1736 1.3496 0.5615
2.4472 0.1736 1.3570 0.5524
2.4472 0.1736 1.3660 0.5596
2.4472 0.1736 1.3666 0.5599
2.4472 0.1736 1.3674 0.5599
2.4472 0.1736 1.3666 0.5603
2.4472 0.1736 1.3779 0.5537
2.4472 0.1736 1.3781 0.5536
2.4472 0.1736 1.3791 0.5533
2.4472 0.1736 1.3847 0.5541
2.4472 0.1736 1.3853 0.5537
2.4472 0.1736 1.3852 0.5538
2.4472 0.1736 1.3937 0.5543
2.4472 0.1736 1.3986 0.5472
2.4472 0.1736 1.4069 0.5505
2.4472 0.1736 1.4098 0.5489
2.4472 0.1736 1.4165 0.5400
2.4472 0.1736 1.4352 0.5347
2.4472 0.1736 1.4353 0.5346
2.4472 0.1736 1.4354 0.5345
2.4472 0.1736 1.4381 0.5330
2.4472 0.1736 1.4495 0.5328
2.4472 0.1736 1.4514 0.5346
2.4472 0.1736 1.4515 0.5349
2.4472 0.1736 1.4554 0.5365
2.4472 0.1736 1.4552 0.5366
2.4472 0.1736 1.4697 0.5378
2.4472 0.1736 1.4745 0.5339
2.4472 0.1736 1.4821 0.5348
2.4472 0.1736 1.4867 0.5345
2.4472 0.1736 1.4892 0.5334
2.4472 0.1736 1.4892 0.5327
2.5790 0.1736 1.4945 0.5396
2.5790 0.1736 1.4985 0.5385
2.5790 0.1736 1.5072 0.5341
2.5790 0.1736 1.5237 0.5228
2.5790 0.1736 1.5356 0.5254
2.5790 0.1736 1.5373 0.5265
2.5790 0.1736 1.5366 0.5272
2.5790 0.1736 1.5419 0.5262
2.5790 0.1736 1.5450 0.5256
2.5790 0.1736 1.5442 0.5264
2.5790 0.1736 1.5449 0.5257
2.5790 0.1736 1.5539 0.5249
2.5790 0.1736 1.5530 0.5257
2.5790 0.1736 1.5589 0.5231
2.5790 0.1736 1.5741 0.5183
2.5790 0.1736 1.5741 0.5183
2.5790 0.1736 1.5824 0.5160
2.5790 0.1736 1.5827 0.5163
2.5790 0.1736 1.5838 0.5180
2.5790 0.1736 1.5935 0.5184
2.5790 0.1736 1.5928 0.5192
2.5790 0.1736 1.5989 0.5193
2.5790 0.1736 1.6020 0.5208
2.5790 0.1736 1.6016 0.5206
2.5790 0.1736 1.6016 0.5206
2.5790 0.1736 1.6094 0.5210
2.5790 0.1736 1.6095 0.5208
2.5790 0.1736 1.6160 0.5263
2.5790 0.1736 1.6256 0.5289
2.5790 0.1736 1.6253 0.5291
2.5790 0.1736 1.6351 0.5334
2.5790 0.1736 1.6418 0.5408
2.5790 0.1736 1.6555 0.5420
2.5790 0.1736 1.6577 0.5406
2.5790 0.1736 1.6673 0.5406
2.5790 0.1736 1.6681 0.5406
2.5790 0.1736 1.6688 0.5403
2.5790 0.1736 1.6714 0.5412
2.5790 0.1736 1.6744 0.5422
2.5790 0.1736 1.6782 0.5433
2.5790 0.1736 1.6878 0.5520
2.5790 0.1736 1.6960 0.5501
2.5790 0.1736 1.6989 0.5499
2.5790 0.1736 1.6987 0.5498
2.5790 0.1736 1.7087 0.5475
2.5790 0.1736 1.7125 0.5478
2.5790 0.1736 1.7159 0.5483
2.5790 0.1736 1.7158 0.5484
2.5790 0.1736 1.7162 0.5485
2.5790 0.1736 1.7159 0.5483
2.5790 0.1736 1.7164 0.5487
2.5790 0.1736 1.7180 0.5501
2.5790 0.1736 1.7185 0.5496
2.5790 0.1736 1.7186 0.5498
2.5790 0.1736 1.7184 0.5492
2.5790 0.1736 1.7284 0.5354
2.5790 0.1736 1.7289 0.5354
2.5790 0.1736 1.7350 0.5369
2.5790 0.1736 1.7401 0.5386
2.5790 0.1736 1.7421 0.5402
2.5790 0.1736 1.7440 0.5408
2.5790 0.1736 1.7539 0.5395
2.5790 0.1736 1.7643 0.5406
2.5790 0.1736 1.7641 0.5407
2.5790 0.1736 1.7676 0.5401
2.5790 0.1736 1.7742 0.5412
2.5790 0.1736 1.7745 0.5409
2.5790 0.1736 1.7786 0.5421
2.5790 0.1736 1.7795 0.5422
2.5790 0.1736 1.7850 0.5420
2.5790 0.1736 1.7893 0.5351
2.5790 0.1736 1.7901 0.5357
2.5790 0.1736 1.7900 0.5358
2.5790 0.1736 1.7898 0.5361
2.5790 0.1736 1.7965 0.5337
2.5790 0.1736 1.7970 0.5331
2.5790 0.1736 1.7984 0.5348
2.5790 0.1736 1.7991 0.5340
2.5790 0.1736 1.8067 0.5343
2.5790 0.1736 1.8104 0.5360
2.5790 0.1736 1.8129 0.5372
2.5790 0.1736 1.8137 0.5379
2.6121 0.1736 1.8199 0.5430
2.6121 0.1736 1.8210 0.5427
2.6121 0.1736 1.8209 0.5437
2.6121 0.1736 1.8325 0.5329
2.6121 0.1736 1.8337 0.5328
2.6121 0.1736 1.8351 0.5336
2.6121 0.1736 1.8364 0.5335
2.6121 0.1736 1.8372 0.5336
2.6121 0.1736 1.8398 0.5339
2.6121 0.1736 1.8386 0.5343
2.6121 0.1736 1.8437 0.5321
2.6121 0.1736 1.8440 0.5326
2.6121 0.1736 1.8438 0.5328
2.6121 0.1736 1.8498 0.5284
2.6121 0.1736 1.8510 0.5272
2.6121 0.1736 1.8548 0.5293
2.6121 0.1736 1.8542 0.5288
2.6121 0.1736 1.8547 0.5293
2.6121 0.1736 1.8585 0.5291
2.6121 0.1736 1.8648 0.5320
2.6121 0.1948 1.8875 0.5068
2.6121 0.1948 1.8874 0.5068
2.6121 0.1948 1.8916 0.5040
2.6121 0.1948 1.8957 0.5033
2.6121 0.1948 1.9101 0.4768
2.6121 0.1948 1.9140 0.4779
2.6121 0.1948 1.9148 0.4777
2.6121 0.1948 1.9242 0.4784
2.6121 0.1948 1.9344 0.4720
2.6121 0.1948 1.9350 0.4727
2.6121 0.1948 1.9560 0.4424
2.6121 0.1948 1.9620 0.4437
2.6121 0.1948 1.9657 0.4451
2.6121 0.1948 1.9651 0.4447
2.6121 0.1948 1.9722 0.4470
2.6121 0.1948 1.9754 0.4491
2.6121 0.1948 1.9758 0.4492
2.6121 0.1948 1.9762 0.4493
2.6121 0.1948 1.9758 0.4491
2.6121 0.1948 1.9870 0.4386
2.6121 0.1948 1.9874 0.4389
2.6121 0.1948 1.9922 0.4390
2.6121 0.1948 1.9921 0.4390
2.6121 0.1948 1.9929 0.4394
2.6121 0.1948 1.9960 0.4397
2.6121 0.1948 1.9971 0.4407
2.6121 0.1948 2.0022 0.4409
2.6121 0.1948 2.0017 0.4406
2.6121 0.1948 2.0070 0.4417
2.6121 0.1948 2.0115 0.4262
2.6121 0.1948 2.0117 0.4263
2.6121 0.1948 2.0144 0.4240
2.6121 0.1948 2.0144 0.4240
2.6121 0.1948 2.0135 0.4236
2.6121 0.1948 2.0159 0.4241
2.6121 0.1948 2.0168 0.4252
2.6121 0.1948 2.0195 0.4263
2.6121 0.1948 2.0204 0.4263
2.6121 0.1948 2.0232 0.4242
2.6324 0.1948 2.0280 0.4283
2.6324 0.1948 2.0336 0.4245
2.6324 0.1948 2.0422 0.4261
2.6324 0.1948 2.0471 0.4263
2.6324 0.1948 2.0528 0.4217
2.6324 0.1948 2.0530 0.4217
2.6324 0.1948 2.0549 0.4232
2.6324 0.1948 2.0592 0.4250
2.6324 0.1948 2.0633 0.4237
2.6324 0.1948 2.0655 0.4234
2.6324 0.1948 2.0706 0.4211
2.6324 0.1948 2.0791 0.4143
2.6324 0.1948 2.0782 0.4141
2.6324 0.1948 2.0808 0.4161
2.6324 0.1948 2.0852 0.4175
2.6324 0.1948 2.0857 0.4180
2.6324 0.1948 2.0859 0.4178
2.6324 0.1948 2.0893 0.4186
2.6324 0.1948 2.0891 0.4186
2.6324 0.1948 2.0916 0.4198
2.6324 0.1948 2.0981 0.4179
2.6324 0.1948 2.0972 0.4176
2.6324 0.1948 2.0979 0.4180
2.6324 0.1948 2.1003 0.4182
2.6324 0.1948 2.1048 0.4206
2.6324 0.1948 2.1051 0.4204
2.6324 0.1948 2.1062 0.4207
2.6324 0.1948 2.1070 0.4209
2.6324 0.1948 2.1056 0.4205
2.6324 0.1948 2.1073 0.4209
2.6324 0.1948 2.1069 0.4209
2.6324 0.1948 2.1091 0.4217
2.6324 0.1948 2.1081 0.4216
2.6324 0.1948 2.1091 0.4219
2.6324 0.1948 2.1093 0.4224
2.6324 0.1948 2.1102 0.4235
2.6324 0.1948 2.1128 0.4225
2.6324 0.1948 2.1135 0.4227
2.6324 0.1948 2.1135 0.4226
2.6324 0.1948 2.1142 0.4225
2.6324 0.1948 2.1169 0.4225
2.6324 0.1948 2.1176 0.4228
2.6324 0.1948 2.1206 0.4241
2.6324 0.1948 2.1221 0.4239
2.6324 0.1948 2.1428 0.3950
2.6324 0.1948 2.1454 0.3942
2.6324 0.1948 2.1532 0.3847
2.6324 0.1948 2.1537 0.3847
2.6324 0.1948 2.1547 0.3837
2.6324 0.1948 2.1536 0.3836
2.6324 0.1948 2.1553 0.3843
2.6324 0.1948 2.1561 0.3841
2.6324 0.1948 2.1557 0.3844
2.6324 0.1948 2.1592 0.3855
2.6324 0.1948 2.1609 0.3873
2.6324 0.1948 2.1626 0.3880
2.6324 0.1948 2.1626 0.3881
2.6324 0.1948 2.1628 0.3881
2.6324 0.1948 2.1700 0.3766
2.6324 0.1948 2.1744 0.3649
2.6324 0.1948 2.1753 0.3649
2.6324 0.1948 2.1753 0.3649
2.6324 0.1948 2.1828 0.3660
2.6324 0.1948 2.1860 0.3675
2.6324 0.1948 2.1857 0.3676
2.6324 0.1948 2.1865 0.3676
2.6324 0.1948 2.1895 0.3680
2.6324 0.1948 2.1913 0.3666
2.6324 0.1948 2.1905 0.3665
2.6324 0.1948 2.1925 0.3661
2.6324 0.1948 2.1958 0.3628
2.6894 0.1948 2.1976 0.3653
2.6894 0.1948 2.2046 0.3634
2.6894 0.1948 2.2083 0.3655
2.6894 0.1948 2.2128 0.3658
2.6894 0.1948 2.2127 0.3657
2.6894 0.7477 2.2329 0.3043
2.6894 0.7477 2.2337 0.3044
2.6894 0.7477 2.2336 0.3044
2.6894 0.7477 2.2369 0.3049
2.6894 0.7477 2.2407 0.3067
2.6894 0.7477 2.2394 0.3070
2.6894 0.7477 2.2417 0.3070
2.6894 0.7477 2.2416 0.3071
2.6894 0.7477 2.2403 0.3074
2.6894 0.7477 2.2413 0.3070
2.6894 0.7477 2.2436 0.3077
2.6894 0.7477 2.2440 0.3078
2.6894 0.7477 2.2461 0.3068
2.6894 0.7477 2.2467 0.3071
2.6894 0.7477 2.2463 0.3073
2.6894 0.7477 2.2479 0.3077
2.6894 0.7477 2.2484 0.3069
2.6894 0.7477 2.2514 0.3091
2.6894 0.7477 2.2520 0.3091
2.6894 0.7477 2.2546 0.3108
2.6894 0.7477 2.2564 0.3127
2.6894 0.7477 2.2593 0.3146
2.6894 0.7477 2.2630 0.3161
2.6894 0.7477 2.2644 0.3159
2.6894 0.7477 2.2674 0.3175
2.6894 0.7477 2.2674 0.3176
2.6894 0.7477 2.2698 0.3164
2.6894 0.7477 2.2726 0.3183
2.6894 0.7477 2.2754 0.3161
2.6894 0.7477 2.2793 0.3178
2.6894 0.7477 2.2793 0.3177
2.6894 0.7477 2.2795 0.3177
2.6894 0.7477 2.2790 0.3179
2.6894 0.7477 2.2779 0.3180
2.6894 0.7477 2.2786 0.3184
2.6894 0.7477 2.2798 0.3181
2.6894 0.7477 2.2879 0.3164
2.6894 0.7477 2.2872 0.3167
2.6894 0.7477 2.2896 0.3169
2.6894 0.7477 2.2930 0.3185
2.6894 0.7477 2.2956 0.3151
2.6894 0.7477 2.3000 0.3118
2.6894 0.7477 2.3016 0.3121
2.6894 0.7477 2.3013 0.3122
2.6894 0.7477 2.3035 0.3117
2.6894 0.7477 2.3036 0.3115
2.6894 0.7477 2.3036 0.3112
2.6894 0.7477 2.3049 0.3109
2.6894 0.7477 2.3035 0.3115
2.6894 0.7477 2.3057 0.3114
2.6894 0.7477 2.3074 0.3123
2.6894 0.7477 2.3095 0.3137
2.6894 0.7477 2.3133 0.3080
2.6894 0.7477 2.3194 0.3050
2.6894 0.7477 2.3202 0.3048
2.6894 1.1141 2.3364 0.2613
2.6894 1.1141 2.3366 0.2613
2.6894 1.1141 2.3382 0.2624
2.6894 1.1141 2.3393 0.2588
2.6894 1.1141 2.3406 0.2584
2.6894 1.1141 2.3414 0.2598
2.6894 1.1141 2.3411 0.2600
2.6894 1.1141 2.3476 0.2545
2.6894 1.1141 2.3525 0.2562
2.6894 1.1141 2.3510 0.2574
2.6894 1.1141 2.3532 0.2560
2.6894 1.1141 2.3553 0.2579
2.6894 1.1141 2.3584 0.2583
2.6894 1.1141 2.3600 0.2599
2.6894 1.1141 2.3601 0.2597
2.6894 1.1141 2.3591 0.2607
2.6894 1.1141 2.3605 0.2597
2.6894 1.1141 2.3610 0.2594
2.6894 1.1141 2.3594 0.2603
2.6894 1.1141 2.3617 0.2600
2.6894 1.1141 2.3628 0.2611
2.6894 1.1141 2.3627 0.2612
2.6894 1.1141 2.3637 0.2608
2.6894 1.1141 2.3670 0.2615
2.6894 1.1141 2.3685 0.2607
2.6894 1.1141 2.3690 0.2612
2.6894 1.1141 2.3700 0.2609
2.6894 1.1141 2.3758 0.2510
2.6894 1.1141 2.3820 0.2459
2.6894 1.1141 2.3815 0.2462
2.6894 1.1141 2.3820 0.2460
2.6894 1.1141 2.3819 0.2460
2.6894 1.1141 2.3809 0.2461
2.6894 1.1141 2.3824 0.2457
2.6894 1.1141 2.3825 0.2456
2.6894 1.1141 2.3830 0.2456
2.6894 1.1141 2.3861 0.2399
2.6894 1.1141 2.3862 0.2397
2.6894 1.1141 2.3883 0.2406
2.6894 1.1141 2.3907 0.2392
2.6894 1.1141 2.3918 0.2395
2.6894 1.1141 2.3934 0.2402
2.6894 1.1141 2.3948 0.2399
2.6894 1.1141 2.3948 0.2399
2.6894 1.1141 2.3953 0.2396
2.6894 1.1141 2.3953 0.2402
2.6894 1.1141 2.3980 0.2408
2.6894 1.1141 2.3987 0.2402
2.6894 1.1141 2.3985 0.2410
2.6894 1.1141 2.3993 0.2420
2.6894 1.1141 2.3998 0.2416
2.6894 1.1141 2.4041 0.2414
2.6894 1.1141 2.4044 0.2423
2.6894 1.1141 2.4056 0.2415
2.6894 1.1141 2.4060 0.2410
2.6894 1.1141 2.4059 0.2420
2.6894 1.1141 2.4060 0.2417
2.6894 1.1141 2.4059 0.2414
2.6894 1.1141 2.4060 0.2419
2.6894 1.1141 2.4055 0.2425
2.6894 1.1141 2.4070 0.2412
2.6894 1.1141 2.4075 0.2415
2.6894 1.1141 2.4101 0.2425
2.6894 1.1141 2.4141 0.2421
2.6894 1.1141 2.4139 0.2425
2.6894 1.1141 2.4138 0.2427
2.6894 1.1141 2.4148 0.2444
2.6894 1.1141 2.4158 0.2435
2.6894 1.1141 2.4170 0.2424
2.6894 1.1141 2.4160 0.2435
2.6894 1.1141 2.4184 0.2434
2.6894 1.1141 2.4191 0.2437
2.6894 1.1141 2.4261 0.2411
2.6894 1.1141 2.4248 0.2413
2.7015 1.1141 2.4260 0.2424
2.7015 1.1141 2.4266 0.2417
2.7015 1.1141 2.4276 0.2411
2.7015 1.1141 2.4278 0.2415
2.7015 1.1141 2.4260 0.2422
2.7015 1.1141 2.4259 0.2429
2.7015 1.1141 2.4277 0.2424
2.7015 1.1141 2.4281 0.2422
2.7015 1.1141 2.4287 0.2437
2.7015 1.1141 2.4291 0.2433
2.7015 1.1141 2.4280 0.2435
2.7015 1.1141 2.4287 0.2431
2.7015 1.1141 2.4290 0.2425
2.7015 1.1141 2.4309 0.2448
2.7015 1.1141 2.4315 0.2438
2.7015 1.1141 2.4312 0.2435
2.7015 1.1141 2.4312 0.2429
2.7015 1.1141 2.4311 0.2439
2.7015 1.1141 2.4373 0.2360
2.7015 1.8740 2.4507 0.1916
2.7015 1.8548 2.4501 0.1911
2.7015 1.8548 2.4526 0.1925
2.7015 1.8548 2.4544 0.1916
2.7015 1.8548 2.4562 0.1893
2.7227 1.8548 2.4574 0.1901
2.7227 1.8548 2.4572 0.1916
2.7227 1.8548 2.4575 0.1916
2.7227 1.8548 2.4628 0.1898
2.7227 1.8548 2.4624 0.1897
2.7227 1.8548 2.4645 0.1901
2.7227 1.8548 2.4687 0.1890
2.7227 1.8548 2.4688 0.1898
2.7227 1.8548 2.4709 0.1901
2.7227 1.8548 2.4700 0.1910
2.7227 1.8548 2.4711 0.1901
2.7227 1.8548 2.4710 0.1904
2.7227 1.8548 2.4776 0.1850
2.7227 1.8548 2.4800 0.1857
2.7227 1.8548 2.4835 0.1845
2.7227 1.8548 2.4832 0.1852
2.7227 1.8548 2.4848 0.1848
2.7227 1.8548 2.4844 0.1853
2.7227 1.8548 2.4844 0.1851
2.7227 1.8548 2.4852 0.1860
2.7227 1.8548 2.4852 0.1870
2.7227 1.8548 2.4855 0.1873
2.7227 1.8548 2.4859 0.1858
2.7227 1.8548 2.4871 0.1855
2.7227 1.8548 2.4859 0.1867
2.7227 1.8548 2.4890 0.1865
2.7227 1.8548 2.4878 0.1877
2.7227 1.8548 2.4896 0.1875
2.7227 1.8548 2.4893 0.1880
2.7227 1.8548 2.4896 0.1873
2.7227 1.8548 2.4931 0.1868
2.7227 1.8548 2.4924 0.1872
2.7227 1.8548 2.4934 0.1865
2.7227 1.8548 2.4933 0.1861
2.7227 1.8548 2.4937 0.1864
2.7227 1.8548 2.4982 0.1834
2.7227 1.8548 2.5020 0.1822
2.7227 1.8548 2.5010 0.1833
2.7227 1.8548 2.5049 0.1811
2.7278 1.8548 2.5051 0.1814
2.7278 1.8548 2.5050 0.1815
2.7278 1.8548 2.5049 0.1815
2.7278 1.8548 2.5043 0.1843
2.7278 1.8548 2.5057 0.1816
2.7278 1.8548 2.5060 0.1818
2.7278 1.8548 2.5072 0.1813
2.7278 1.8548 2.5115 0.1779
2.7278 1.8548 2.5146 0.1773
2.7278 1.8548 2.5198 0.1700
2.7278 1.8548 2.5204 0.1700
2.7278 1.8548 2.5218 0.1700
2.7278 1.8548 2.5219 0.1701
2.7278 1.8548 2.5223 0.1704
2.7278 1.8548 2.5218 0.1709
2.7278 1.8740 2.5267 0.1668
2.7278 1.8548 2.5266 0.1674
2.7278 1.8548 2.5304 0.1649
2.7278 1.8548 2.5314 0.1661
2.7278 1.8548 2.5314 0.1673
2.7278 1.8548 2.5351 0.1643
2.7278 1.8548 2.5350 0.1644
2.7278 1.8548 2.5390 0.1606
2.7278 1.8548 2.5386 0.1618
2.7278 1.8548 2.5392 0.1605
2.7278 1.8548 2.5392 0.1606
2.7278 1.8548 2.5384 0.1621
2.7278 1.8548 2.5394 0.1602
2.7278 1.8548 2.5420 0.1581
2.7278 1.8541 2.5418 0.1587
2.7278 1.8548 2.5421 0.1610
2.7278 1.8548 2.5429 0.1593
2.7278 1.8548 2.5429 0.1594
2.7278 1.8548 2.5429 0.1595
2.7278 1.8548 2.5440 0.1595
2.7278 1.8548 2.5440 0.1597
2.7278 1.8548 2.5434 0.1609
2.7278 1.8548 2.5475 0.1563
2.7278 1.8548 2.5475 0.1564
2.7278 1.8548 2.5475 0.1564
2.7278 1.8548 2.5484 0.1566
2.7278 1.8548 2.5496 0.1568
2.7278 1.8548 2.5514 0.1560
2.7278 1.8548 2.5510 0.1576
2.7278 1.8548 2.5510 0.1576
2.7278 1.8548 2.5516 0.1562
2.7278 1.8548 2.5510 0.1576
2.7278 1.8548 2.5517 0.1561
2.7278 1.8548 2.5506 0.1574
2.7278 1.8548 2.5524 0.1580
2.7278 1.8548 2.5526 0.1585
2.7278 1.8548 2.5533 0.1572
2.7278 1.8548 2.5535 0.1567
2.7278 1.8548 2.5529 0.1586
2.7278 1.8548 2.5538 0.1589
2.7278 1.8548 2.5557 0.1574
2.7278 1.8548 2.5551 0.1587
2.7278 1.8548 2.5552 0.1588
2.7278 1.8548 2.5570 0.1584
2.7278 1.8548 2.5620 0.1533
2.7278 1.8548 2.5620 0.1532
2.7278 1.8548 2.5620 0.1533
2.7278 1.8548 2.5621 0.1532
2.7278 1.8548 2.5620 0.1534
2.7278 1.8548 2.5620 0.1533
2.7278 1.8548 2.5627 0.1510
2.7278 1.8548 2.5627 0.1510
2.7278 1.8548 2.5638 0.1513
2.7278 1.8548 2.5638 0.1513
2.7278 1.8548 2.5638 0.1514
2.7278 1.8548 2.5639 0.1513
2.7278 1.8548 2.5639 0.1513
2.7278 1.8548 2.5642 0.1514
2.7278 1.8548 2.5652 0.1522
2.7278 1.8548 2.5707 0.1439
2.7278 1.8548 2.5707 0.1438
2.7278 1.8548 2.5708 0.1439
2.7278 1.8548 2.5708 0.1438
2.7278 1.8548 2.5706 0.1444
2.7278 1.8548 2.5714 0.1447
2.7278 1.8548 2.5717 0.1448
2.7278 1.8548 2.5716 0.1449
2.7278 1.8548 2.5719 0.1448
2.7278 1.8548 2.5737 0.1443
2.7278 1.8541 2.5739 0.1442
2.7278 1.8548 2.5742 0.1444
2.7278 1.8548 2.5742 0.1444
2.7278 1.8740 2.5735 0.1447
2.7278 1.8548 2.5747 0.1450
2.7278 1.8548 2.5781 0.1418
2.7278 1.8548 2.5780 0.1420
2.7278 1.8548 2.5778 0.1433
2.7278 1.8548 2.5787 0.1421
2.7278 1.8548 2.5851 0.1299
2.7278 1.8548 2.5852 0.1298
2.7278 1.8548 2.5857 0.1305
2.7278 1.8548 2.5857 0.1303
2.7278 1.8548 2.5858 0.1303
2.7278 1.8548 2.5860 0.1303
2.7278 1.8548 2.5861 0.1306
2.7278 1.8548 2.5863 0.1303
2.7278 1.8548 2.5859 0.1328
2.7278 1.8548 2.5856 0.1320
2.7278 1.8548 2.5865 0.1301
2.7278 1.8548 2.5867 0.1299
2.7278 1.8548 2.5866 0.1300
2.7278 1.8548 2.5887 0.1290
2.7278 1.8548 2.5886 0.1291
2.7278 1.8548 2.5885 0.1292
2.7278 1.8548 2.5887 0.1291
2.7278 1.8548 2.5886 0.1293
2.7278 1.8548 2.5896 0.1295
2.7278 1.8548 2.5899 0.1296
2.7278 1.8548 2.5905 0.1295
2.7278 1.8548 2.5912 0.1294
2.7278 1.8548 2.5920 0.1291
2.7278 1.8548 2.5918 0.1294
2.7278 1.8548 2.5920 0.1292
2.7278 1.8548 2.5922 0.1293
2.7278 1.8548 2.5922 0.1293
2.7278 1.8740 2.5923 0.1284
2.7278 1.8548 2.5930 0.1300
2.7278 1.8548 2.5930 0.1300
2.7278 1.8548 2.5937 0.1302
2.7278 1.8548 2.5938 0.1301
2.7278 1.8548 2.5941 0.1305
2.7278 1.8548 2.5943 0.1302
2.7278 1.8548 2.5941 0.1305
2.7278 1.8548 2.5956 0.1298
2.7278 1.8548 2.5963 0.1300
2.7278 1.8548 2.5964 0.1298
2.7278 1.8548 2.5963 0.1300
2.7278 1.8548 2.5963 0.1300
2.7278 1.8548 2.5964 0.1298
2.7278 1.8548 2.5964 0.1298
2.7278 1.8548 2.5962 0.1301
2.7278 1.8548 2.5962 0.1301
2.7278 1.8548 2.5959 0.1315
2.7278 1.8548 2.5985 0.1294
2.7278 1.8548 2.6001 0.1280
2.7278 1.8548 2.6009 0.1287
2.7278 1.8548 2.6010 0.1285
2.7278 1.8548 2.6010 0.1285
2.7278 1.8548 2.6020 0.1284
2.7278 1.8548 2.6021 0.1282
2.7278 1.8548 2.6022 0.1284
2.7278 1.8548 2.6021 0.1284
2.7278 1.8548 2.6023 0.1282
2.7278 1.8548 2.6025 0.1286
2.7278 1.8548 2.6026 0.1284
2.7278 1.8548 2.6026 0.1286
2.7278 1.8548 2.6027 0.1285
2.7278 1.8548 2.6026 0.1286
2.7278 1.8548 2.6071 0.1227
2.7278 1.8548 2.6075 0.1227
2.7278 1.8548 2.6079 0.1232
2.7278 1.8548 2.6085 0.1230
2.7278 1.8548 2.6085 0.1230
2.7278 1.8548 2.6085 0.1231
2.7278 1.8548 2.6095 0.1234
2.7278 1.8740 2.6096 0.1224
2.7278 1.8548 2.6097 0.1235
2.7278 1.8548 2.6096 0.1237
2.7278 1.8548 2.6097 0.1235
2.7278 1.8548 2.6097 0.1236
2.7278 1.8548 2.6102 0.1237
2.7278 1.8548 2.6104 0.1238
2.7278 1.8548 2.6107 0.1242
2.7278 1.8548 2.6108 0.1241
2.7278 1.8548 2.6119 0.1243
2.7278 1.8548 2.6130 0.1235
2.7278 1.8548 2.6129 0.1237
2.7278 1.8548 2.6130 0.1236
2.7278 1.8548 2.6131 0.1236
2.7278 1.8548 2.6135 0.1236
2.7278 1.8548 2.6130 0.1254
2.7278 1.8548 2.6153 0.1237
2.7278 1.8548 2.6158 0.1238
2.7278 1.8548 2.6157 0.1239
2.7278 1.8548 2.6161 0.1239
2.7278 1.8548 2.6161 0.1239
2.7278 1.8548 2.6160 0.1241
2.7278 1.8548 2.6174 0.1244
2.7278 1.8548 2.6189 0.1233
2.7278 1.8548 2.6189 0.1233
2.7278 1.8548 2.6193 0.1233
2.7278 1.8548 2.6201 0.1234
2.7278 1.8548 2.6204 0.1233
2.7278 1.8548 2.6204 0.1235
2.7278 1.8548 2.6204 0.1235
2.7278 1.8548 2.6212 0.1236
2.7278 2.0166 2.6293 0.0969
2.7278 2.0136 2.6301 0.0958
2.7278 2.0122 2.6320 0.0958
2.7278 2.0166 2.6321 0.0952
2.7278 2.0166 2.6328 0.0955
2.7278 2.0166 2.6328 0.0955
2.7278 2.0166 2.6328 0.0953
2.7278 2.0166 2.6328 0.0953
2.7278 2.0122 2.6339 0.0990
2.7278 2.0136 2.6350 0.0964
2.7278 2.0152 2.6351 0.0962
2.7278 2.0166 2.6353 0.0961
2.7278 2.0152 2.6361 0.0964
2.7278 2.0166 2.6361 0.0963
2.7278 2.0166 2.6370 0.0963
2.7278 2.0152 2.6380 0.0962
2.7278 2.0152 2.6384 0.0965
2.7278 2.0152 2.6385 0.0964
2.7278 2.0166 2.6393 0.0965
2.7278 2.0166 2.6392 0.0968
2.7278 2.0166 2.6399 0.0968
2.7311 2.0166 2.6421 0.0964
2.7311 2.0152 2.6421 0.0965
2.7311 2.0136 2.6421 0.0966
2.7311 2.0136 2.6426 0.0964
2.7311 2.0166 2.6425 0.0963
2.7311 2.0136 2.6426 0.0964
2.7311 2.0166 2.6430 0.0964
2.7311 2.0152 2.6434 0.0967
2.7311 2.0166 2.6435 0.0966
2.7311 2.0152 2.6436 0.0968
2.7311 2.0166 2.6436 0.0967
2.7311 2.0166 2.6458 0.0948
2.7311 2.0166 2.6460 0.0947
2.7311 2.0166 2.6460 0.0948
2.7311 2.0166 2.6460 0.0947
2.7311 2.0166 2.6466 0.0948
2.7311 2.0166 2.6466 0.0949
2.7311 2.0166 2.6466 0.0948
2.7311 2.0152 2.6466 0.0949
2.7311 2.0166 2.6457 0.0973
2.7311 2.0166 2.6472 0.0949
2.7311 2.0166 2.6475 0.0948
2.7311 2.0166 2.6476 0.0947
2.7311 2.0166 2.6478 0.0949
2.7470 2.0152 2.6484 0.0950
2.7470 2.0152 2.6483 0.0951
2.7470 2.0136 2.6483 0.0953
2.7470 2.0166 2.6484 0.0949
2.7470 2.0166 2.6487 0.0950
2.7470 2.0166 2.6486 0.0952
2.7470 2.0166 2.6485 0.0953
2.7470 2.0166 2.6487 0.0950
2.7470 2.0166 2.6496 0.0952
2.7470 2.0166 2.6495 0.0954
2.7492 2.0166 2.6499 0.0955
2.7492 2.0166 2.6499 0.0955
2.7492 2.0166 2.6506 0.0955
2.7492 2.0166 2.6512 0.0957
2.7492 2.0152 2.6513 0.0959
2.7492 2.0136 2.6518 0.0959
2.7492 2.0122 2.6519 0.0958
2.7492 2.0166 2.6545 0.0926
2.7492 2.0166 2.6550 0.0928
2.7492 2.0166 2.6550 0.0928
2.7492 2.0166 2.6555 0.0927
2.7492 2.0152 2.6566 0.0930
2.7492 2.0152 2.6566 0.0930
2.7492 2.0152 2.6566 0.0930
2.7492 2.0166 2.6566 0.0929
2.7492 2.0152 2.6572 0.0932
2.7492 2.0166 2.6624 0.0810
2.7492 2.0152 2.6624 0.0811
2.7492 2.0152 2.6624 0.0811
2.7492 2.0166 2.6626 0.0811
2.7492 2.0166 2.6626 0.0811
2.7492 2.0166 2.6626 0.0811
2.7492 2.0166 2.6626 0.0811
2.7492 2.0166 2.6637 0.0809
2.7492 2.0166 2.6637 0.0809
2.7492 2.0152 2.6649 0.0788
2.7492 2.0136 2.6649 0.0790
2.7492 2.0136 2.6653 0.0791
2.7492 2.0136 2.6655 0.0793
2.7492 2.0166 2.6658 0.0792
2.7492 2.0166 2.6658 0.0792
2.7492 2.0136 2.6658 0.0794
2.7492 2.0166 2.6665 0.0796
2.7492 2.0166 2.6668 0.0794
2.7492 2.0152 2.6676 0.0797
2.7492 2.0166 2.6676 0.0795
2.7492 2.0152 2.6676 0.0796
2.7492 2.0152 2.6677 0.0797
2.7492 2.0166 2.6680 0.0794
2.7492 2.0166 2.6686 0.0792
2.7492 2.0166 2.6687 0.0792
2.7492 2.0152 2.6686 0.0793
2.7492 2.0166 2.6687 0.0792
2.7492 2.0166 2.6686 0.0792
2.7492 2.0166 2.6690 0.0792
2.7492 2.0166 2.6699 0.0798
2.7492 2.0152 2.6704 0.0801
2.7492 2.0166 2.6704 0.0800
2.7492 2.0136 2.6707 0.0804
2.7492 2.0166 2.6707 0.0801
2.7492 2.0166 2.6707 0.0801
2.7492 2.0152 2.6707 0.0802
2.7492 2.0166 2.6707 0.0801
2.7492 2.0136 2.6717 0.0804
2.7492 2.0166 2.6717 0.0801
2.7492 2.0166 2.6728 0.0808
2.7492 2.0152 2.6728 0.0809
2.7492 2.0166 2.6728 0.0808
2.7492 2.0152 2.6732 0.0810
2.7492 2.0152 2.6734 0.0809
2.7492 2.0152 2.6734 0.0809
2.7492 2.0166 2.6734 0.0808
2.7545 2.0166 2.6741 0.0812
2.7545 2.0152 2.6752 0.0812
2.7545 2.0166 2.6752 0.0811
2.7545 2.0152 2.6759 0.0816
2.7545 2.5359 2.6832 0.0478
2.7545 2.5359 2.6836 0.0482
2.7545 2.5359 2.6836 0.0482
2.7545 2.5359 2.6837 0.0482
2.7545 2.5359 2.6840 0.0484
2.7545 2.5359 2.6840 0.0484
2.7545 2.5359 2.6840 0.0484
2.7545 2.5359 2.6841 0.0484
2.7545 2.5359 2.6845 0.0484
2.7545 2.5359 2.6845 0.0484
2.7545 2.5359 2.6845 0.0484
2.7545 2.5359 2.6845 0.0484
2.7545 2.5359 2.6845 0.0484
2.7545 2.5359 2.6854 0.0489
2.7545 2.5359 2.6868 0.0478
2.7545 2.5359 2.6868 0.0478
2.7545 2.5359 2.6869 0.0477
2.7545 2.5359 2.6869 0.0477
2.7545 2.5359 2.6874 0.0481
2.7545 2.5359 2.6877 0.0479
2.7545 2.5359 2.6880 0.0475
2.7545 2.5359 2.6889 0.0466
2.7545 2.5359 2.6888 0.0466
2.7545 2.5359 2.6891 0.0464
2.7792 2.5359 2.6902 0.0472
2.7792 2.5359 2.6902 0.0472
2.7792 2.5359 2.6902 0.0472
2.7792 2.5359 2.6906 0.0468
2.7792 2.5359 2.6906 0.0468
2.7792 2.5359 2.6906 0.0468
2.7792 2.5359 2.6912 0.0469
2.7792 2.5359 2.6919 0.0472
2.7792 2.5359 2.6925 0.0474
2.7792 2.5359 2.6931 0.0474
2.7792 2.5359 2.6931 0.0475
2.7792 2.5359 2.6932 0.0474
2.7792 2.5359 2.6932 0.0474
2.7792 2.5359 2.6933 0.0474
2.7792 2.5359 2.6933 0.0474
2.7792 2.5359 2.6933 0.0474
2.7792 2.5359 2.6933 0.0474
2.7792 2.5359 2.6942 0.0469
2.7792 2.5359 2.6942 0.0469
2.7792 2.5359 2.6944 0.0469
2.7792 2.5359 2.6947 0.0473
2.7792 2.5359 2.6947 0.0473
2.7792 2.5359 2.6947 0.0473
2.7792 2.5359 2.6951 0.0473
2.7792 2.5359 2.6951 0.0473
2.7792 2.5359 2.6956 0.0473
2.7792 2.5359 2.6956 0.0473
2.7792 2.5359 2.6956 0.0473
2.7792 2.5359 2.6956 0.0473
2.7792 2.5359 2.6956 0.0473
2.7792 2.5359 2.6956 0.0473
2.7792 2.5359 2.6960 0.0469
2.7792 2.5359 2.6960 0.0469
2.7792 2.5359 2.6962 0.0469
2.7792 2.5359 2.6962 0.0469
2.7792 2.5359 2.6974 0.0464
2.7792 2.5359 2.6974 0.0464
2.7792 2.5359 2.6974 0.0464
2.7792 2.5359 2.6974 0.0464
2.7792 2.5359 2.6979 0.0466
2.7792 2.5359 2.6981 0.0465
2.7792 2.5359 2.6986 0.0466
2.7792 2.5359 2.6986 0.0465
2.7792 2.5359 2.6986 0.0466
2.7792 2.5359 2.6986 0.0466
2.7792 2.5359 2.6986 0.0466
2.7792 2.5359 2.6986 0.0466
2.7792 2.5359 2.6992 0.0465
2.7792 2.5359 2.6992 0.0465
2.7792 2.5359 2.6992 0.0465
2.7792 2.5359 2.6992 0.0465
2.7792 2.5359 2.6996 0.0467
2.7792 2.5359 2.6996 0.0467
2.7792 2.5359 2.6996 0.0467
2.7792 2.5359 2.6996 0.0467
2.7792 2.5359 2.6997 0.0466
2.7792 2.5359 2.7007 0.0460
2.7792 2.5359 2.7014 0.0462
2.7792 2.5359 2.7014 0.0462
2.7792 2.5359 2.7014 0.0462
2.7792 2.5359 2.7014 0.0462
2.7792 2.5359 2.7019 0.0461
2.7792 2.5359 2.7019 0.0461
2.7792 2.5359 2.7019 0.0461
2.7792 2.5359 2.7019 0.0461
2.7792 2.5359 2.7024 0.0467
2.7792 2.5359 2.7024 0.0467
2.7792 2.5359 2.7024 0.0467
2.7792 2.5359 2.7024 0.0466
2.7792 2.5359 2.7024 0.0466
2.7792 2.5359 2.7025 0.0466
2.7792 2.5359 2.7036 0.0471
2.7792 2.5359 2.7036 0.0471
2.7792 2.5359 2.7039 0.0474
2.7792 2.5359 2.7041 0.0475
2.7792 2.5359 2.7041 0.0475
2.7792 2.5359 2.7052 0.0468
2.7792 2.5359 2.7059 0.0466
2.7792 2.5359 2.7068 0.0460
2.7792 2.5359 2.7068 0.0460
2.7792 2.5359 2.7068 0.0460
2.7792 2.5359 2.7069 0.0458
2.7792 2.5359 2.7069 0.0458
2.7792 2.5359 2.7072 0.0462
2.7792 2.5359 2.7072 0.0462
2.7792 2.5359 2.7072 0.0462
2.7792 2.5359 2.7072 0.0462
2.7792 2.5359 2.7072 0.0462
2.7792 2.5359 2.7073 0.0463
2.7792 2.5359 2.7078 0.0459
2.7792 2.5359 2.7078 0.0459
2.7792 2.5359 2.7079 0.0458
2.7792 2.5359 2.7079 0.0458
2.7792 2.5359 2.7086 0.0457
2.7792 2.5359 2.7088 0.0457
2.7792 2.5359 2.7088 0.0457
2.7792 2.5359 2.7089 0.0458
2.7792 2.5359 2.7094 0.0457
2.7792 2.5359 2.7100 0.0453
2.7792 2.5359 2.7100 0.0453
2.7792 2.5359 2.7103 0.0453
2.7792 2.5359 2.7103 0.0453
2.7792 2.5359 2.7103 0.0453
2.7792 2.5359 2.7103 0.0453
2.7792 2.5359 2.7106 0.0451
2.7792 2.5359 2.7113 0.0456
2.7792 2.5359 2.7113 0.0456
2.7792 2.5359 2.7113 0.0456
2.7792 2.5359 2.7118 0.0445
2.7792 2.5359 2.7120 0.0446
2.7792 2.5359 2.7120 0.0446
2.7792 2.5359 2.7120 0.0447
2.7792 2.5359 2.7121 0.0447
2.7792 2.5925 2.7145 0.0416
2.7792 2.5925 2.7145 0.0415
2.7792 2.5925 2.7149 0.0415
2.7792 2.5925 2.7149 0.0414
2.7792 2.5925 2.7149 0.0415
2.7792 2.5925 2.7150 0.0415
2.7792 2.5925 2.7155 0.0408
2.7792 2.5925 2.7169 0.0402
2.7792 2.5925 2.7169 0.0402
2.7792 2.5925 2.7169 0.0402
2.7792 2.5925 2.7169 0.0402
2.7792 2.5925 2.7169 0.0402
2.7792 2.5925 2.7169 0.0402
2.7792 2.5925 2.7169 0.0402
2.7792 2.5925 2.7169 0.0402
2.7792 2.5925 2.7172 0.0402
2.7792 2.5925 2.7172 0.0402
2.7792 2.5925 2.7172 0.0402
2.7792 2.5925 2.7172 0.0402
2.7895 2.5925 2.7178 0.0409
2.7895 2.5925 2.7178 0.0409
2.7895 2.5925 2.7178 0.0409
2.7895 2.5925 2.7185 0.0400
2.7895 2.5925 2.7185 0.0400
2.7895 2.5925 2.7185 0.0400
2.7895 2.5925 2.7192 0.0397
2.7895 2.5925 2.7192 0.0397
2.7895 2.5925 2.7192 0.0397
2.7895 2.5925 2.7194 0.0398
2.7895 2.5925 2.7194 0.0398
2.7895 2.5925 2.7206 0.0390
2.7895 2.5925 2.7211 0.0387
2.7895 2.5925 2.7214 0.0386
2.7895 2.5925 2.7214 0.0386
2.7895 2.6125 2.7221 0.0369
2.7895 2.6125 2.7226 0.0373
2.7895 2.6125 2.7230 0.0374
2.7895 2.6125 2.7231 0.0375
2.7895 2.6125 2.7237 0.0370
2.7895 2.6125 2.7237 0.0370
2.7895 2.6125 2.7237 0.0370
2.7895 2.6125 2.7237 0.0370
2.7895 2.6125 2.7238 0.0370
2.7895 2.6125 2.7238 0.0370
2.7895 2.6125 2.7238 0.0370
2.7895 2.6125 2.7238 0.0370
2.7895 2.6125 2.7238 0.0370
2.7895 2.6125 2.7237 0.0370
2.7895 2.6125 2.7238 0.0370
2.7895 2.6125 2.7238 0.0370
2.7895 2.6125 2.7241 0.0371
2.7895 2.6125 2.7242 0.0372
2.7895 2.6125 2.7242 0.0372
2.7895 2.6125 2.7243 0.0372
2.7895 2.6125 2.7243 0.0372
2.7895 2.6125 2.7243 0.0372
2.7895 2.6125 2.7243 0.0372
2.7895 2.6125 2.7247 0.0373
2.7895 2.6125 2.7247 0.0373
2.7895 2.6125 2.7247 0.0374
2.7895 2.6125 2.7247 0.0374
2.7895 2.6125 2.7247 0.0374
2.7895 2.6125 2.7247 0.0374
2.7895 2.6125 2.7247 0.0374
2.7895 2.6125 2.7247 0.0374
2.7895 2.6125 2.7247 0.0374
2.7895 2.6125 2.7248 0.0375
2.7895 2.6125 2.7250 0.0375
2.7895 2.6125 2.7254 0.0373
2.7895 2.6125 2.7254 0.0373
2.7895 2.6125 2.7254 0.0373
2.7895 2.6125 2.7258 0.0374
2.7895 2.6125 2.7263 0.0378
2.7895 2.6125 2.7263 0.0378
2.7895 2.6125 2.7265 0.0378
2.7895 2.6125 2.7268 0.0379
2.7895 2.6125 2.7274 0.0378
2.7895 2.6125 2.7274 0.0378
2.7895 2.6125 2.7280 0.0377
2.7895 2.6125 2.7286 0.0380
2.7895 2.6125 2.7286 0.0380
2.7895 2.6125 2.7289 0.0383
2.7895 2.6125 2.7295 0.0386
2.7895 2.6125 2.7295 0.0386
2.7895 2.6135 2.7311 0.0371
2.7895 2.6135 2.7311 0.0371
2.7895 2.6135 2.7311 0.0371
2.7895 2.6135 2.7313 0.0371
2.7895 2.6135 2.7313 0.0371
2.7895 2.6135 2.7313 0.0371
2.7895 2.6135 2.7315 0.0372
2.7895 2.6135 2.7315 0.0372
2.7895 2.6135 2.7324 0.0366
2.7895 2.6135 2.7330 0.0363
2.7895 2.6135 2.7330 0.0363
2.7895 2.6135 2.7330 0.0363
2.7895 2.6135 2.7333 0.0364
2.7895 2.6135 2.7338 0.0367
2.7895 2.6135 2.7346 0.0362
2.7895 2.6135 2.7346 0.0362
2.7895 2.6135 2.7349 0.0362
2.7895 2.6135 2.7349 0.0362
2.7895 2.6135 2.7350 0.0362
2.8131 2.6135 2.7368 0.0356
2.8131 2.6135 2.7382 0.0342
2.8131 2.6135 2.7382 0.0342
2.8131 2.6135 2.7383 0.0342
2.8131 2.6135 2.7391 0.0336
2.8131 2.6135 2.7391 0.0336
2.8131 2.6135 2.7392 0.0336
2.8131 2.6135 2.7392 0.0337
2.8131 2.6135 2.7392 0.0336
2.8131 2.6135 2.7396 0.0337
2.8131 2.6135 2.7402 0.0339
2.8131 2.6135 2.7402 0.0339
2.8131 2.6135 2.7406 0.0338
2.8131 2.6135 2.7406 0.0338
2.8131 2.6135 2.7406 0.0338
2.8131 2.6135 2.7412 0.0340
2.8131 2.6135 2.7412 0.0340
2.8131 2.6135 2.7421 0.0338
2.8131 2.6135 2.7421 0.0338
2.8131 2.6135 2.7421 0.0338
2.8131 2.6135 2.7421 0.0338
2.8131 2.6135 2.7426 0.0339
2.8131 2.6135 2.7438 0.0314
2.8131 2.6135 2.7440 0.0313
2.8131 2.6135 2.7443 0.0313
2.8131 2.6135 2.7446 0.0312
2.8131 2.6135 2.7448 0.0314
2.8131 2.6135 2.7452 0.0314
2.8131 2.6135 2.7452 0.0314
2.8131 2.6135 2.7452 0.0314
2.8131 2.6135 2.7453 0.0314
2.8131 2.6135 2.7453 0.0314
2.8131 2.6135 2.7456 0.0313
2.8131 2.6135 2.7457 0.0313
2.8131 2.6135 2.7463 0.0314
2.8131 2.6135 2.7468 0.0311
2.8131 2.6135 2.7471 0.0310
2.8131 2.6135 2.7471 0.0310
2.8131 2.6135 2.7471 0.0310
2.8131 2.6135 2.7471 0.0310
2.8131 2.6135 2.7471 0.0310
2.8131 2.6135 2.7471 0.0310
2.8131 2.6135 2.7477 0.0311
2.8131 2.6135 2.7477 0.0311
2.8131 2.6135 2.7478 0.0311
2.8131 2.6135 2.7479 0.0311
2.8131 2.6135 2.7481 0.0312
2.8131 2.6135 2.7481 0.0312
2.8131 2.6135 2.7483 0.0314
2.8131 2.6135 2.7483 0.0314
2.8131 2.6135 2.7489 0.0314
2.8131 2.6135 2.7490 0.0315
2.8131 2.6135 2.7490 0.0315
2.8131 2.6135 2.7490 0.0315
2.8131 2.6135 2.7490 0.0315
2.8131 2.6135 2.7495 0.0310
2.8131 2.6135 2.7496 0.0311
2.8131 2.6135 2.7496 0.0310
2.8131 2.6135 2.7496 0.0311
2.8131 2.6135 2.7499 0.0310
2.8131 2.6135 2.7502 0.0311
2.8131 2.6135 2.7502 0.0311
2.8131 2.6135 2.7502 0.0311
2.8131 2.6135 2.7507 0.0311
2.8131 2.6135 2.7507 0.0311
2.8131 2.6135 2.7509 0.0312
2.8131 2.6135 2.7509 0.0312
2.8131 2.6135 2.7512 0.0311
2.8131 2.6135 2.7512 0.0311
2.8131 2.6135 2.7524 0.0287
2.8131 2.6135 2.7524 0.0287
2.8131 2.6135 2.7525 0.0288
2.8131 2.6135 2.7531 0.0288
2.8131 2.6135 2.7534 0.0286
2.8131 2.6135 2.7534 0.0286
2.8131 2.6135 2.7534 0.0286
2.8131 2.6135 2.7534 0.0286
2.8131 2.6135 2.7534 0.0286
2.8131 2.6135 2.7534 0.0286
2.8131 2.6135 2.7535 0.0286
2.8131 2.6135 2.7535 0.0286
2.8131 2.6135 2.7535 0.0286
2.8131 2.6135 2.7537 0.0288
2.8131 2.6135 2.7537 0.0288
2.8131 2.6135 2.7538 0.0288
2.8131 2.6135 2.7538 0.0288
2.8131 2.6135 2.7538 0.0288
2.8131 2.6135 2.7549 0.0274
2.8131 2.6135 2.7550 0.0274
2.8131 2.6135 2.7552 0.0275
2.8131 2.6135 2.7552 0.0275
2.8131 2.6135 2.7553 0.0275
2.8131 2.6135 2.7553 0.0275
2.8131 2.6135 2.7554 0.0276
2.8131 2.6135 2.7564 0.0265
2.8131 2.6135 2.7564 0.0265
2.8131 2.6135 2.7564 0.0265
2.8131 2.6135 2.7568 0.0267
2.8131 2.6135 2.7571 0.0270
2.8131 2.6135 2.7571 0.0270
2.8131 2.6135 2.7571 0.0270
2.8131 2.6135 2.7571 0.0270
2.8131 2.6135 2.7571 0.0270
2.8131 2.6135 2.7571 0.0270
2.8131 2.6135 2.7571 0.0270
2.8131 2.6135 2.7571 0.0270
2.8131 2.6694 2.7585 0.0228
2.8131 2.6694 2.7585 0.0228
2.8131 2.6694 2.7585 0.0228
2.8131 2.6694 2.7594 0.0231
2.8131 2.6694 2.7594 0.0231
2.8131 2.6694 2.7594 0.0231
2.8131 2.6694 2.7597 0.0231
2.8131 2.6694 2.7598 0.0232
2.8131 2.6694 2.7598 0.0232
2.8131 2.6694 2.7600 0.0233
2.8131 2.6694 2.7600 0.0233
2.8131 2.6694 2.7603 0.0233
2.8131 2.6694 2.7606 0.0234
2.8131 2.6694 2.7608 0.0234
2.8131 2.6694 2.7610 0.0235
2.8131 2.6694 2.7614 0.0233
2.8131 2.6694 2.7614 0.0233
2.8131 2.6694 2.7614 0.0233
2.8131 2.6694 2.7616 0.0234
2.8131 2.6694 2.7619 0.0231
2.8131 2.6694 2.7622 0.0231
2.8131 2.6694 2.7624 0.0232
2.8131 2.6694 2.7624 0.0232
2.8131 2.6694 2.7624 0.0232
2.8131 2.6694 2.7624 0.0232
2.8131 2.6694 2.7624 0.0232
2.8131 2.6694 2.7624 0.0232
2.8131 2.6694 2.7624 0.0232
2.8131 2.6694 2.7624 0.0232
2.8202 2.6694 2.7625 0.0233
2.8202 2.6694 2.7625 0.0233
2.8202 2.6694 2.7625 0.0233
2.8202 2.6694 2.7625 0.0233
2.8202 2.6694 2.7625 0.0233
2.8202 2.6694 2.7625 0.0233
2.8202 2.6694 2.7627 0.0231
2.8202 2.6694 2.7627 0.0231
2.8202 2.6694 2.7628 0.0231
2.8202 2.6694 2.7630 0.0232
2.8202 2.6694 2.7630 0.0232
2.8202 2.6694 2.7630 0.0232
2.8202 2.6694 2.7630 0.0232
2.8202 2.6694 2.7634 0.0228
2.8202 2.6694 2.7637 0.0225
2.8202 2.6694 2.7641 0.0220
2.8202 2.6694 2.7641 0.0220
2.8202 2.6694 2.7650 0.0213
2.8202 2.6694 2.7654 0.0211
2.8202 2.6694 2.7654 0.0211
2.8202 2.6694 2.7656 0.0211
2.8202 2.6694 2.7656 0.0211
2.8202 2.6694 2.7658 0.0212
2.8202 2.6694 2.7664 0.0218
2.8202 2.6694 2.7666 0.0218
2.8202 2.6694 2.7668 0.0218
2.8202 2.6694 2.7668 0.0218
2.8202 2.6694 2.7668 0.0218
2.8202 2.6694 2.7668 0.0218
2.8202 2.6694 2.7668 0.0218
2.8202 2.6694 2.7668 0.0218
2.8202 2.6694 2.7669 0.0218
2.8202 2.6694 2.7669 0.0218
2.8202 2.6694 2.7671 0.0221
2.8202 2.6694 2.7672 0.0221
2.8202 2.6694 2.7673 0.0222
2.8202 2.6694 2.7675 0.0222
2.8202 2.6694 2.7678 0.0222
2.8202 2.6694 2.7678 0.0222
2.8202 2.6694 2.7685 0.0222
2.8202 2.6694 2.7685 0.0222
2.8202 2.6694 2.7685 0.0222
2.8202 2.6694 2.7685 0.0222
2.8202 2.6694 2.7685 0.0222
2.8202 2.6694 2.7689 0.0222
2.8202 2.6694 2.7689 0.0222
2.8202 2.6694 2.7691 0.0222
2.8202 2.6694 2.7692 0.0223
2.8202 2.6694 2.7693 0.0223
2.8202 2.6694 2.7693 0.0223
2.8202 2.6694 2.7696 0.0224
2.8202 2.6694 2.7700 0.0222
2.8202 2.6694 2.7701 0.0221
2.8202 2.6694 2.7704 0.0224
2.8202 2.6694 2.7704 0.0224
2.8202 2.6694 2.7704 0.0224
2.8202 2.6694 2.7704 0.0224
2.8202 2.6694 2.7705 0.0224
2.8202 2.6694 2.7705 0.0224
2.8202 2.6694 2.7705 0.0224
2.8202 2.6694 2.7705 0.0224
2.8202 2.6694 2.7705 0.0224
2.8202 2.6694 2.7705 0.0224
2.8202 2.6694 2.7705 0.0224
2.8202 2.6694 2.7705 0.0224
2.8202 2.6694 2.7705 0.0224
2.8202 2.6694 2.7705 0.0224
2.8202 2.6694 2.7705 0.0224
2.8202 2.6694 2.7705 0.0224
2.8202 2.6694 2.7707 0.0224
2.8202 2.6694 2.7710 0.0223
2.8202 2.6694 2.7714 0.0226
2.8202 2.6694 2.7714 0.0226
2.8202 2.6694 2.7714 0.0226
2.8202 2.6694 2.7714 0.0226
2.8202 2.6694 2.7718 0.0226
2.8202 2.7188 2.7727 0.0202
2.8202 2.7188 2.7727 0.0202
2.8202 2.7188 2.7727 0.0202
2.8202 2.7188 2.7727 0.0202
2.8202 2.7188 2.7727 0.0202
2.8202 2.7188 2.7727 0.0202
2.8202 2.7188 2.7727 0.0202
2.8202 2.7188 2.7729 0.0202
2.8202 2.7188 2.7729 0.0202
2.8202 2.7188 2.7734 0.0197
2.8202 2.7188 2.7740 0.0205
2.8202 2.7188 2.7740 0.0205
2.8202 2.7188 2.7740 0.0205
2.8202 2.7188 2.7740 0.0205
2.8202 2.7188 2.7740 0.0205
2.8202 2.7188 2.7742 0.0206
2.8202 2.7188 2.7742 0.0206
2.8202 2.7188 2.7743 0.0207
2.8202 2.7188 2.7750 0.0207
2.8202 2.7188 2.7755 0.0210
2.8202 2.7188 2.7755 0.0210
2.8202 2.7188 2.7756 0.0210
2.8202 2.7188 2.7757 0.0211
2.8202 2.7188 2.7757 0.0211
2.8202 2.7188 2.7757 0.0211
2.8202 2.7188 2.7759 0.0210
2.8202 2.7188 2.7762 0.0208
2.8202 2.7188 2.7762 0.0208
2.8202 2.7188 2.7762 0.0208
2.8202 2.7188 2.7764 0.0209
2.8202 2.7188 2.7766 0.0210
2.8202 2.7188 2.7766 0.0210
2.8202 2.7188 2.7766 0.0210
2.8202 2.7188 2.7766 0.0210
2.8202 2.7188 2.7766 0.0210
2.8209 2.7188 2.7770 0.0214
2.8209 2.7188 2.7770 0.0214
2.8209 2.7188 2.7772 0.0217
2.8209 2.7188 2.7773 0.0217
2.8209 2.7188 2.7774 0.0216
2.8209 2.7188 2.7774 0.0216
2.8209 2.7188 2.7774 0.0216
2.8209 2.7188 2.7774 0.0216
2.8209 2.7188 2.7774 0.0216
2.8209 2.7188 2.7774 0.0216
2.8209 2.7188 2.7774 0.0216
2.8209 2.7188 2.7774 0.0216
2.8209 2.7188 2.7780 0.0208
2.8209 2.7188 2.7780 0.0208
2.8209 2.7188 2.7780 0.0208
2.8209 2.7188 2.7785 0.0200
2.8209 2.7188 2.7786 0.0199
2.8209 2.7188 2.7786 0.0199
2.8209 2.7188 2.7786 0.0199
2.8209 2.7188 2.7788 0.0201
2.8209 2.7188 2.7790 0.0200
2.8209 2.7188 2.7797 0.0192
2.8209 2.7188 2.7801 0.0191
2.8209 2.7188 2.7801 0.0191
2.8209 2.7188 2.7806 0.0190
2.8209 2.7188 2.7806 0.0190
2.8209 2.7188 2.7806 0.0190
2.8209 2.7188 2.7806 0.0189
2.8209 2.7188 2.7811 0.0193
2.8209 2.7188 2.7811 0.0193
2.8209 2.7188 2.7811 0.0193
2.8209 2.7188 2.7811 0.0193
2.8209 2.7188 2.7811 0.0193
2.8209 2.7188 2.7812 0.0192
2.8209 2.7188 2.7812 0.0192
2.8209 2.7236 2.7819 0.0182
2.8209 2.7236 2.7822 0.0180
2.8209 2.7236 2.7824 0.0181
2.8209 2.7236 2.7824 0.0181
2.8209 2.7236 2.7824 0.0181
2.8209 2.7236 2.7824 0.0181
2.8209 2.7236 2.7826 0.0182
2.8209 2.7236 2.7829 0.0178
2.8209 2.7236 2.7830 0.0178
2.8209 2.7236 2.7830 0.0178
2.8209 2.7236 2.7830 0.0178
2.8209 2.7236 2.7830 0.0178
2.8209 2.7236 2.7830 0.0178
2.8209 2.7236 2.7834 0.0175
2.8209 2.7236 2.7839 0.0173
2.8209 2.7236 2.7839 0.0173
2.8209 2.7236 2.7839 0.0173
2.8209 2.7236 2.7840 0.0173
2.8209 2.7236 2.7844 0.0176
2.8209 2.7236 2.7844 0.0176
2.8209 2.7236 2.7846 0.0173
2.8209 2.7236 2.7849 0.0169
2.8209 2.7236 2.7849 0.0169
2.8209 2.7236 2.7852 0.0167
2.8209 2.7236 2.7852 0.0167
2.8209 2.7236 2.7852 0.0167
2.8209 2.7236 2.7852 0.0167
2.8209 2.7236 2.7852 0.0167
2.8209 2.7236 2.7852 0.0167
2.8209 2.7236 2.7852 0.0167
2.8209 2.7236 2.7855 0.0169
2.8209 2.7236 2.7855 0.0169
2.8423 2.7236 2.7857 0.0175
2.8423 2.7236 2.7860 0.0177
2.8423 2.7236 2.7861 0.0176
2.8423 2.7236 2.7861 0.0176
2.8423 2.7236 2.7861 0.0176
2.8423 2.7236 2.7864 0.0178
2.8423 2.7236 2.7864 0.0178
2.8423 2.7236 2.7864 0.0178
2.8423 2.7236 2.7864 0.0178
2.8423 2.7236 2.7864 0.0178
2.8423 2.7236 2.7864 0.0178
2.8423 2.7236 2.7864 0.0178
2.8423 2.7236 2.7864 0.0178
2.8423 2.7236 2.7864 0.0178
2.8423 2.7236 2.7864 0.0178
2.8423 2.7236 2.7866 0.0178
2.8423 2.7236 2.7867 0.0178
2.8423 2.7236 2.7867 0.0178
2.8423 2.7236 2.7869 0.0179
2.8423 2.7236 2.7871 0.0178
2.8423 2.7236 2.7873 0.0177
2.8423 2.7236 2.7873 0.0177
2.8423 2.7236 2.7873 0.0177
2.8423 2.7236 2.7877 0.0184
2.8423 2.7236 2.7877 0.0184
2.8423 2.7236 2.7877 0.0184
2.8423 2.7236 2.7877 0.0184
2.8423 2.7236 2.7880 0.0182
2.8423 2.7236 2.7880 0.0182
2.8423 2.7236 2.7882 0.0182
2.8423 2.7236 2.7882 0.0182
2.8423 2.7236 2.7883 0.0182
2.8423 2.7236 2.7883 0.0182
2.8423 2.7236 2.7883 0.0183
2.8423 2.7236 2.7883 0.0183
2.8423 2.7236 2.7883 0.0183
2.8423 2.7236 2.7883 0.0183
2.8423 2.7236 2.7885 0.0184
2.8423 2.7236 2.7885 0.0184
2.8423 2.7236 2.7885 0.0184
2.8423 2.7236 2.7885 0.0184
2.8423 2.7236 2.7885 0.0184
2.8423 2.7236 2.7888 0.0184
2.8423 2.7236 2.7890 0.0184
2.8423 2.7236 2.7890 0.0184
2.8423 2.7236 2.7890 0.0184
2.8423 2.7236 2.7890 0.0184
2.8423 2.7236 2.7890 0.0184
2.8423 2.7236 2.7895 0.0181
2.8423 2.7236 2.7895 0.0181
2.8423 2.7236 2.7895 0.0181
2.8423 2.7236 2.7895 0.0182
2.8423 2.7236 2.7895 0.0182
2.8423 2.7236 2.7895 0.0182
2.8423 2.7236 2.7895 0.0182
2.8423 2.7236 2.7897 0.0179
2.8423 2.7236 2.7897 0.0180
2.8423 2.7236 2.7897 0.0180
2.8423 2.7236 2.7899 0.0179
2.8423 2.7236 2.7899 0.0179
2.8423 2.7236 2.7899 0.0180
2.8423 2.7236 2.7899 0.0179
2.8423 2.7236 2.7902 0.0176
2.8423 2.7236 2.7902 0.0176
2.8423 2.7236 2.7902 0.0176
2.8423 2.7236 2.7904 0.0176
2.8423 2.7236 2.7904 0.0176
2.8423 2.7236 2.7908 0.0172
2.8423 2.7236 2.7910 0.0175
2.8423 2.7236 2.7912 0.0175
2.8423 2.7236 2.7912 0.0175
2.8423 2.7236 2.7912 0.0175
2.8423 2.7236 2.7912 0.0175
2.8423 2.7236 2.7914 0.0177
2.8423 2.7236 2.7917 0.0173
2.8423 2.7236 2.7917 0.0174
2.8423 2.7236 2.7920 0.0175
2.8423 2.7236 2.7920 0.0175
2.8423 2.7236 2.7920 0.0175
2.8423 2.7236 2.7921 0.0175
2.8423 2.7236 2.7921 0.0175
2.8423 2.7236 2.7925 0.0176
2.8423 2.7492 2.7934 0.0163
2.8423 2.7492 2.7936 0.0165
2.8423 2.7492 2.7937 0.0165
2.8423 2.7492 2.7937 0.0165
2.8423 2.7492 2.7939 0.0165
2.8423 2.7492 2.7939 0.0165
2.8423 2.7492 2.7939 0.0165
2.8423 2.7492 2.7939 0.0165
2.8423 2.7492 2.7943 0.0166
2.8423 2.7492 2.7946 0.0166
2.8423 2.7492 2.7946 0.0166
2.8423 2.7492 2.7950 0.0167
2.8423 2.7492 2.7952 0.0170
2.8423 2.7492 2.7954 0.0169
2.8423 2.7492 2.7954 0.0169
2.8423 2.7492 2.7954 0.0169
2.8423 2.7492 2.7954 0.0169
2.8423 2.7492 2.7959 0.0175
2.8423 2.7492 2.7959 0.0175
2.8423 2.7492 2.7962 0.0175
2.8423 2.7492 2.7962 0.0175
2.8423 2.7492 2.7962 0.0175
2.8423 2.7492 2.7962 0.0175
2.8423 2.7492 2.7962 0.0175
2.8423 2.7492 2.7962 0.0175
2.8423 2.7492 2.7962 0.0175
2.8423 2.7492 2.7962 0.0175
2.8423 2.7492 2.7965 0.0174
2.8423 2.7492 2.7968 0.0175
2.8423 2.7492 2.7968 0.0175
2.8423 2.7492 2.7969 0.0176
2.8423 2.7492 2.7969 0.0176
2.8423 2.7492 2.7971 0.0177
2.8423 2.7492 2.7971 0.0178
2.8423 2.7492 2.7971 0.0178
2.8423 2.7492 2.7977 0.0174
2.8423 2.7492 2.7977 0.0174
2.8423 2.7492 2.7978 0.0174
2.8423 2.7492 2.7978 0.0174
2.8423 2.7492 2.7978 0.0174
2.8423 2.7492 2.7978 0.0174
2.8423 2.7492 2.7978 0.0174
2.8423 2.7492 2.7978 0.0174
2.8423 2.7492 2.7982 0.0174
2.8423 2.7492 2.7982 0.0174
2.8423 2.7681 2.7985 0.0168
2.8423 2.7681 2.7987 0.0169
2.8423 2.7681 2.7989 0.0170
2.8423 2.7681 2.7989 0.0171
2.8423 2.7681 2.7992 0.0171
2.8423 2.7681 2.7996 0.0171
2.8423 2.7681 2.7996 0.0171
2.8423 2.7681 2.7996 0.0171
2.8423 2.7681 2.7997 0.0171
2.8423 2.7681 2.8000 0.0170
2.8423 2.7681 2.8000 0.0170
2.8423 2.7681 2.8000 0.0170
2.8423 2.7681 2.8001 0.0171
2.8423 2.7681 2.8001 0.0171
2.8423 2.7681 2.8001 0.0171
2.8423 2.7681 2.8001 0.0171
2.8423 2.7681 2.8001 0.0171
2.8423 2.7681 2.8002 0.0171
2.8423 2.7681 2.8003 0.0171
2.8423 2.7681 2.8006 0.0170
2.8423 2.7681 2.8006 0.0170
2.8423 2.7681 2.8006 0.0170
2.8423 2.7681 2.8006 0.0170
2.8423 2.7681 2.8007 0.0170
2.8423 2.7681 2.8008 0.0171
2.8423 2.7681 2.8008 0.0171
2.8423 2.7681 2.8008 0.0171
2.8423 2.7681 2.8010 0.0172
2.8423 2.7681 2.8012 0.0171
2.8423 2.7681 2.8012 0.0171
2.8423 2.7681 2.8013 0.0171
2.8423 2.7681 2.8013 0.0171
2.8423 2.7681 2.8017 0.0175
2.8423 2.7681 2.8017 0.0175
2.8423 2.7681 2.8017 0.0175
2.8423 2.7681 2.8017 0.0175
2.8423 2.7681 2.8020 0.0174
2.8423 2.7681 2.8021 0.0174
2.8423 2.7681 2.8021 0.0174
2.8423 2.7681 2.8025 0.0171
2.8423 2.7681 2.8027 0.0170
2.8423 2.7681 2.8029 0.0169
2.8423 2.7681 2.8029 0.0169
2.8423 2.7681 2.8029 0.0169
2.8423 2.7681 2.8029 0.0169
2.8423 2.7681 2.8029 0.0169
2.8423 2.7681 2.8029 0.0169
2.8423 2.7681 2.8029 0.0169
2.8423 2.7681 2.8029 0.0169
2.8423 2.7681 2.8030 0.0168
2.8423 2.7681 2.8030 0.0168
2.8423 2.7681 2.8030 0.0167
2.8423 2.7734 2.8036 0.0165
2.8458 2.7734 2.8039 0.0170
2.8458 2.7734 2.8042 0.0168
2.8458 2.7734 2.8042 0.0168
2.8458 2.7734 2.8045 0.0164
2.8458 2.7734 2.8049 0.0163
2.8458 2.7734 2.8050 0.0163
2.8458 2.7734 2.8050 0.0163
2.8458 2.7734 2.8051 0.0164
2.8458 2.7734 2.8051 0.0164
2.8458 2.7734 2.8051 0.0164
2.8458 2.7734 2.8051 0.0164
2.8458 2.7734 2.8051 0.0164
2.8458 2.7734 2.8054 0.0161
2.8458 2.7734 2.8054 0.0161
2.8458 2.7734 2.8058 0.0160
2.8458 2.7734 2.8058 0.0160
2.8458 2.7734 2.8062 0.0160
2.8458 2.7734 2.8062 0.0159
2.8458 2.7734 2.8063 0.0160
2.8458 2.7734 2.8063 0.0160
2.8458 2.7734 2.8063 0.0160
2.8458 2.7734 2.8064 0.0160
2.8458 2.7734 2.8065 0.0162
2.8458 2.7734 2.8065 0.0162
2.8458 2.7734 2.8069 0.0161
2.8458 2.7734 2.8069 0.0161
2.8458 2.7734 2.8069 0.0161
2.8458 2.7734 2.8069 0.0161
2.8458 2.7734 2.8069 0.0161
2.8458 2.7734 2.8075 0.0164
2.8458 2.7734 2.8075 0.0164
2.8458 2.7734 2.8075 0.0163
2.8458 2.7734 2.8077 0.0163
2.8458 2.7734 2.8077 0.0163
2.8458 2.7734 2.8077 0.0163
2.8458 2.7735 2.8077 0.0163
2.8458 2.7735 2.8077 0.0163
2.8458 2.7735 2.8077 0.0163
2.8458 2.7735 2.8077 0.0163
2.8458 2.7735 2.8078 0.0163
2.8458 2.7735 2.8078 0.0163
2.8458 2.7735 2.8078 0.0163
2.8458 2.7735 2.8078 0.0163
2.8458 2.7735 2.8082 0.0165
2.8458 2.7735 2.8082 0.0165
2.8458 2.7735 2.8082 0.0165
2.8458 2.7735 2.8082 0.0165
2.8458 2.7735 2.8082 0.0165
2.8458 2.7735 2.8083 0.0164
2.8458 2.7735 2.8083 0.0164
2.8458 2.7735 2.8086 0.0166
2.8458 2.7735 2.8086 0.0166
2.8458 2.7735 2.8086 0.0166
2.8458 2.7735 2.8086 0.0166
2.8458 2.7735 2.8087 0.0165
2.8458 2.7735 2.8087 0.0165
2.8458 2.7735 2.8089 0.0168
2.8458 2.7735 2.8089 0.0168
2.8458 2.7735 2.8089 0.0168
2.8458 2.7735 2.8089 0.0168
2.8458 2.7735 2.8089 0.0168
2.8458 2.7735 2.8091 0.0169
2.8458 2.7735 2.8091 0.0169
2.8458 2.7735 2.8091 0.0169
2.8458 2.7735 2.8091 0.0169
2.8458 2.7735 2.8094 0.0169
2.8458 2.7735 2.8094 0.0169
2.8458 2.7735 2.8094 0.0169
2.8458 2.7735 2.8094 0.0169
2.8458 2.7735 2.8096 0.0169
2.8458 2.7735 2.8100 0.0166
2.8458 2.7735 2.8100 0.0166
2.8528 2.7735 2.8105 0.0171
2.8528 2.7735 2.8105 0.0171
2.8528 2.7735 2.8107 0.0173
2.8528 2.7735 2.8107 0.0173
2.8528 2.7735 2.8108 0.0173
2.8528 2.7735 2.8108 0.0173
2.8528 2.7735 2.8111 0.0176
2.8528 2.7735 2.8111 0.0176
2.8528 2.7735 2.8117 0.0177
2.8528 2.7735 2.8121 0.0176
2.8528 2.7735 2.8121 0.0176
2.8528 2.7735 2.8121 0.0176
2.8528 2.7735 2.8121 0.0176
2.8528 2.7735 2.8121 0.0176
2.8528 2.7735 2.8121 0.0176
2.8528 2.7735 2.8122 0.0176
2.8528 2.7735 2.8122 0.0176
2.8528 2.7735 2.8122 0.0176
2.8528 2.7735 2.8122 0.0176
2.8528 2.7735 2.8122 0.0176
2.8528 2.7735 2.8122 0.0176
2.8537 2.7735 2.8126 0.0182
2.8537 2.7735 2.8126 0.0182
2.8537 2.7735 2.8126 0.0182
2.8537 2.7735 2.8129 0.0184
2.8537 2.7735 2.8133 0.0182
2.8537 2.7735 2.8133 0.0182
2.8537 2.7735 2.8134 0.0182
2.8537 2.7735 2.8134 0.0182
2.8537 2.7735 2.8134 0.0182
2.8537 2.7735 2.8134 0.0182
2.8537 2.7735 2.8134 0.0182
2.8537 2.7735 2.8134 0.0182
2.8537 2.7735 2.8135 0.0182
2.8537 2.7735 2.8137 0.0181
2.8537 2.7735 2.8137 0.0181
2.8537 2.7735 2.8139 0.0182
2.8537 2.7735 2.8139 0.0182
2.8537 2.7735 2.8139 0.0181
2.8537 2.7735 2.8139 0.0181
2.8537 2.7735 2.8141 0.0181
2.8537 2.7792 2.8144 0.0177
2.8537 2.7792 2.8144 0.0177
2.8537 2.7792 2.8146 0.0179
2.8537 2.7792 2.8146 0.0179
2.8537 2.7792 2.8149 0.0178
2.8537 2.7792 2.8149 0.0178
2.8537 2.7792 2.8150 0.0179
2.8537 2.7792 2.8150 0.0179
2.8826 2.7792 2.8155 0.0190
2.8826 2.7792 2.8156 0.0190
2.8826 2.7792 2.8160 0.0194
2.8826 2.7792 2.8163 0.0192
2.8826 2.7792 2.8163 0.0192
2.8826 2.7792 2.8163 0.0192
2.8826 2.7792 2.8163 0.0192
2.8826 2.7792 2.8164 0.0190
2.8826 2.7792 2.8169 0.0194
2.8826 2.7792 2.8169 0.0194
2.8826 2.7792 2.8169 0.0194
2.8826 2.7792 2.8169 0.0194
2.8826 2.7792 2.8169 0.0194
2.8826 2.7792 2.8169 0.0194
2.8826 2.7792 2.8169 0.0194
2.8826 2.7792 2.8169 0.0194
2.8826 2.7792 2.8169 0.0194
2.8826 2.7792 2.8169 0.0194
2.8826 2.7792 2.8170 0.0194
2.8826 2.7792 2.8170 0.0194
2.8826 2.7792 2.8170 0.0194
2.8826 2.7792 2.8170 0.0194
2.8826 2.7792 2.8174 0.0192
2.8826 2.7792 2.8176 0.0193
2.8826 2.7792 2.8177 0.0192
2.8826 2.7792 2.8177 0.0192
2.8826 2.7792 2.8177 0.0192
2.8826 2.7792 2.8177 0.0192
2.8826 2.7792 2.8180 0.0194
2.8826 2.7792 2.8185 0.0191
2.8826 2.7792 2.8190 0.0187
2.8826 2.7792 2.8190 0.0187
2.8826 2.7792 2.8191 0.0187
2.8826 2.7792 2.8191 0.0187
2.8826 2.7792 2.8191 0.0187
2.8826 2.7792 2.8193 0.0188
2.8826 2.7792 2.8193 0.0188
2.8826 2.7792 2.8193 0.0187
2.8826 2.7792 2.8195 0.0188
2.8826 2.7792 2.8199 0.0188
2.8826 2.7792 2.8199 0.0188
2.8826 2.7792 2.8199 0.0188
2.8826 2.7792 2.8199 0.0188
2.8826 2.7792 2.8206 0.0198
2.8826 2.7792 2.8208 0.0198
2.8826 2.7792 2.8211 0.0199
2.8826 2.7792 2.8211 0.0199
2.8826 2.7792 2.8211 0.0199
2.8826 2.7792 2.8211 0.0199
2.8826 2.7792 2.8217 0.0208
2.8826 2.7792 2.8217 0.0208
2.8826 2.7792 2.8218 0.0208
2.8826 2.7792 2.8218 0.0208
2.8826 2.7792 2.8220 0.0208
2.8826 2.7792 2.8222 0.0207
2.8826 2.7792 2.8222 0.0207
2.8826 2.7792 2.8223 0.0208
2.8826 2.7792 2.8223 0.0208
2.8826 2.7792 2.8223 0.0208
2.8826 2.7792 2.8227 0.0210
2.8826 2.7792 2.8231 0.0212
2.8826 2.7792 2.8233 0.0212
2.8826 2.7792 2.8237 0.0212
2.8826 2.7792 2.8237 0.0212
2.8826 2.7792 2.8237 0.0212
2.8826 2.7792 2.8237 0.0212
2.8826 2.7792 2.8237 0.0212
2.8826 2.7792 2.8238 0.0211
2.8826 2.7792 2.8238 0.0211
2.8826 2.7792 2.8241 0.0208
2.8826 2.7792 2.8241 0.0208
2.8826 2.7792 2.8251 0.0213
2.8826 2.7792 2.8251 0.0213
2.8826 2.7792 2.8251 0.0213
2.8826 2.7792 2.8252 0.0214
2.8826 2.7792 2.8255 0.0213
2.8826 2.7792 2.8255 0.0213
2.8826 2.7792 2.8255 0.0213
2.8826 2.7792 2.8255 0.0213
2.8826 2.7792 2.8258 0.0213
2.8826 2.7792 2.8264 0.0221
2.8826 2.7792 2.8267 0.0220
2.8826 2.7792 2.8267 0.0220
2.8826 2.7792 2.8272 0.0227
2.8826 2.7792 2.8272 0.0227
2.8826 2.7792 2.8275 0.0228
2.8826 2.7792 2.8277 0.0226
2.8826 2.7792 2.8277 0.0226
2.8826 2.7792 2.8277 0.0226
2.8826 2.7792 2.8277 0.0226
2.8826 2.7792 2.8277 0.0226
2.8826 2.7792 2.8277 0.0226
2.8849 2.7792 2.8278 0.0227
2.8849 2.7792 2.8278 0.0227
2.8849 2.7792 2.8278 0.0227
2.8849 2.7792 2.8278 0.0227
2.8849 2.7792 2.8278 0.0227
2.8849 2.7792 2.8278 0.0227
2.8849 2.7792 2.8278 0.0227
2.8849 2.7792 2.8278 0.0227
2.8849 2.7792 2.8279 0.0227
2.8849 2.7792 2.8279 0.0227
2.8849 2.7792 2.8279 0.0227
2.8849 2.7792 2.8282 0.0225
2.8849 2.7792 2.8288 0.0224
2.8849 2.7792 2.8288 0.0224
2.8849 2.7792 2.8288 0.0224
2.8849 2.7792 2.8288 0.0224
2.8849 2.7792 2.8291 0.0229
2.8849 2.7792 2.8291 0.0229
2.8849 2.7792 2.8302 0.0229
2.8849 2.7792 2.8302 0.0229
2.8849 2.7792 2.8302 0.0229
2.8849 2.7792 2.8306 0.0224
2.8849 2.7792 2.8307 0.0225
2.8849 2.7792 2.8308 0.0224
2.8849 2.7792 2.8308 0.0224
2.8849 2.7792 2.8308 0.0224
2.8849 2.7792 2.8308 0.0224
2.8849 2.7792 2.8309 0.0225
2.8849 2.7792 2.8309 0.0225
2.8849 2.7792 2.8316 0.0230
2.8849 2.7792 2.8317 0.0230
2.8849 2.7792 2.8319 0.0228
2.8849 2.7792 2.8319 0.0228
2.8849 2.7792 2.8320 0.0229
2.8849 2.7792 2.8320 0.0229
2.8849 2.7792 2.8320 0.0229
2.8849 2.7792 2.8326 0.0231
2.8849 2.7792 2.8330 0.0226
2.8849 2.7792 2.8333 0.0227
2.8849 2.7792 2.8338 0.0227
2.8849 2.7792 2.8338 0.0227
2.8849 2.7792 2.8343 0.0231
2.8849 2.7792 2.8343 0.0231
2.8849 2.7792 2.8343 0.0231
2.8849 2.7792 2.8346 0.0230
2.8849 2.7792 2.8346 0.0230
2.8849 2.7792 2.8349 0.0231
2.8849 2.7792 2.8349 0.0231
2.8849 2.7792 2.8349 0.0231
2.8849 2.7792 2.8352 0.0231
2.8849 2.7792 2.8352 0.0231
2.8849 2.7792 2.8352 0.0231
2.8849 2.7792 2.8352 0.0231
2.8849 2.7792 2.8352 0.0231
2.8849 2.7792 2.8352 0.0231
2.8849 2.7792 2.8352 0.0231
2.8849 2.7792 2.8354 0.0230
2.8849 2.7792 2.8359 0.0228
2.8849 2.7792 2.8360 0.0228
2.8849 2.7792 2.8360 0.0228
2.8849 2.7792 2.8360 0.0228
2.8849 2.7792 2.8361 0.0229
2.8849 2.7792 2.8363 0.0229
2.8849 2.7792 2.8363 0.0229
2.8849 2.7792 2.8366 0.0226
2.8849 2.7792 2.8372 0.0230
2.8849 2.7792 2.8372 0.0230
2.8849 2.7792 2.8372 0.0230
